*Vertices 100
1 "14983"
2 "14959"
3 "14915"
4 "14952"
5 "14901"
6 "14969"
7 "14935"
8 "14957"
9 "14945"
10 "14903"
11 "14951"
12 "14956"
13 "14932"
14 "14964"
15 "14942"
16 "14963"
17 "14941"
18 "14937"
19 "14926"
20 "14977"
21 "14947"
22 "14972"
23 "14987"
24 "14917"
25 "14999"
26 "14924"
27 "14998"
28 "14974"
29 "14904"
30 "14940"
31 "14953"
32 "14978"
33 "14971"
34 "14921"
35 "14902"
36 "14970"
37 "14914"
38 "14989"
39 "14976"
40 "14982"
41 "14979"
42 "14910"
43 "14958"
44 "14973"
45 "14955"
46 "15000"
47 "14912"
48 "14906"
49 "14927"
50 "14936"
51 "14966"
52 "14939"
53 "14933"
54 "14929"
55 "14993"
56 "14908"
57 "14980"
58 "14988"
59 "14949"
60 "14967"
61 "14997"
62 "14962"
63 "14995"
64 "14985"
65 "14943"
66 "14916"
67 "14992"
68 "14909"
69 "14905"
70 "14975"
71 "14986"
72 "14918"
73 "14938"
74 "14990"
75 "14948"
76 "14946"
77 "14907"
78 "14920"
79 "14922"
80 "14965"
81 "14968"
82 "14991"
83 "14931"
84 "14996"
85 "14981"
86 "14960"
87 "14913"
88 "14911"
89 "14928"
90 "14994"
91 "14923"
92 "14961"
93 "14919"
94 "14930"
95 "14944"
96 "14950"
97 "14934"
98 "14925"
99 "14984"
100 "14954"
*Edges
17 49 2035.0
60 80 3505.0
86 83 2168.0
65 59 1514.0
50 16 2460.0
5 88 506.0
98 18 2641.0
77 27 922.0
44 18 2934.0
61 91 1501.0
1 54 1537.0
55 46 651.0
17 100 663.0
26 27 2457.0
84 29 3453.0
82 28 1257.0
40 91 1528.0
24 37 922.0
59 30 1634.0
56 9 2453.0
89 11 3801.0
54 97 2386.0
93 53 3850.0
26 72 580.0
93 52 614.0
64 10 580.0
33 25 3828.0
90 9 3780.0
33 2 1121.0
33 71 2701.0
35 44 3470.0
74 18 1415.0
70 100 1885.0
86 95 3196.0
62 3 1548.0
95 76 2931.0
26 55 1575.0
10 55 965.0
83 17 3538.0
93 28 3798.0
54 11 1683.0
51 21 2707.0
66 29 118.0
82 48 762.0
37 10 2787.0
84 42 1081.0
100 44 956.0
23 76 3845.0
67 22 3738.0
81 79 3843.0
92 73 1518.0
93 16 807.0
99 58 895.0
48 70 3628.0
34 37 771.0
67 93 417.0
26 35 589.0
67 92 577.0
36 49 1083.0
11 53 3591.0
13 58 1847.0
83 18 1836.0
53 65 417.0
96 78 1175.0
48 46 894.0
59 36 3265.0
73 43 1572.0
47 52 83.0
7 100 3546.0
50 40 273.0
66 77 3223.0
58 59 2183.0
42 74 2957.0
95 75 3389.0
56 59 3888.0
7 27 3117.0
32 51 3086.0
42 61 666.0
97 14 2355.0
98 44 3015.0
97 84 1937.0
20 26 1250.0
87 35 2803.0
14 43 1843.0
83 71 423.0
98 74 1471.0
66 35 3789.0
67 24 1421.0
73 9 2082.0
59 66 1370.0
82 54 2661.0
45 6 2040.0
63 81 1576.0
5 93 3035.0
88 47 783.0
67 98 3860.0
25 15 2040.0
5 89 1755.0
73 75 3899.0
60 20 1823.0
69 51 3919.0
83 25 1035.0
57 95 2540.0
80 44 283.0
50 93 782.0
5 57 3239.0
56 36 1068.0
74 55 3233.0
51 74 3013.0
78 42 2965.0
98 32 1773.0
24 61 1944.0
9 30 313.0
15 100 3429.0
93 23 715.0
73 15 2668.0
94 43 1747.0
40 64 1795.0
12 90 2225.0
77 26 245.0
4 57 2281.0
6 83 3051.0
41 58 3923.0
7 72 2091.0
1 65 1334.0
83 47 1495.0
33 96 434.0
82 26 656.0
8 50 1034.0
64 74 1160.0
85 17 3231.0
82 81 3171.0
81 7 3652.0
40 69 1950.0
26 18 1815.0
79 15 2228.0
77 58 1107.0
31 60 3126.0
58 17 716.0
49 32 1649.0
96 5 2148.0
41 51 2047.0
14 33 2852.0
6 85 3004.0
49 78 3230.0
48 7 3089.0
68 93 1090.0
11 10 1686.0
6 89 2585.0
61 75 3219.0
57 13 27.0
7 75 213.0
49 57 2125.0
82 95 1023.0
81 31 2131.0
100 30 1365.0
15 91 735.0
41 62 732.0
76 49 2830.0
91 1 2966.0
40 26 126.0
93 70 2087.0
71 35 906.0
21 47 2369.0
69 32 1292.0
97 63 568.0
18 53 1985.0
36 5 2368.0
48 76 3296.0
90 57 1812.0
14 17 3013.0
61 59 33.0
55 32 472.0
31 96 1444.0
82 23 748.0
100 49 463.0
89 25 3715.0
96 50 3257.0
26 69 1731.0
94 11 1038.0
94 48 861.0
86 94 811.0
27 86 1863.0
66 46 2273.0
84 46 2716.0
45 80 189.0
10 21 910.0
77 43 1281.0
31 41 1631.0
97 11 1790.0
25 14 3172.0
55 62 2419.0
80 50 2238.0
40 72 1014.0
87 12 378.0
60 44 2119.0
52 78 17.0
77 39 290.0
31 45 76.0
20 50 649.0
70 25 3057.0
38 57 3083.0
68 45 847.0
85 59 1606.0
56 95 2588.0
15 77 3351.0
83 57 3237.0
73 56 1898.0
56 96 3566.0
90 70 2235.0
86 73 3667.0
98 24 2303.0
26 92 2726.0
42 30 3425.0
76 75 210.0
7 79 3484.0
35 29 184.0
25 41 2380.0
7 95 1953.0
97 69 753.0
51 68 128.0
77 75 768.0
81 47 3875.0
37 5 830.0
83 43 372.0
92 4 1248.0
44 13 978.0
82 68 1587.0
96 11 366.0
29 25 3321.0
42 3 588.0
99 8 856.0
80 2 2057.0
95 48 2034.0
17 28 3939.0
16 58 3452.0
38 25 1708.0
40 96 1429.0
74 69 1282.0
18 10 1250.0
94 60 3633.0
15 67 106.0
89 46 1796.0
83 41 2115.0
55 37 1686.0
66 24 1648.0
16 73 1320.0
62 46 3116.0
85 69 1063.0
60 81 3941.0
7 93 1110.0
4 90 1913.0
81 70 3128.0
72 12 887.0
10 95 1612.0
22 24 3730.0
19 12 3889.0
39 68 2589.0
91 36 2233.0
60 77 2613.0
67 95 456.0
80 20 3005.0
48 37 541.0
39 11 1990.0
33 48 3589.0
10 34 975.0
83 64 2969.0
37 45 342.0
85 70 1197.0
35 1 3258.0
52 48 2106.0
24 46 1599.0
9 45 1192.0
76 66 898.0
67 99 2835.0
94 80 3222.0
54 98 638.0
68 95 1063.0
6 32 404.0
8 58 1436.0
31 38 3729.0
40 46 1020.0
41 18 1539.0
72 10 140.0
27 89 2138.0
17 10 1190.0
26 23 3918.0
26 87 1739.0
31 28 3061.0
46 13 3116.0
9 25 1849.0
40 78 1126.0
93 32 734.0
45 36 3005.0
70 14 2449.0
31 67 97.0
17 47 2601.0
38 3 2125.0
24 27 1224.0
100 53 88.0
31 63 1561.0
10 66 2729.0
47 59 2229.0
6 69 833.0
7 86 2256.0
62 32 728.0
44 55 20.0
36 82 1563.0
5 65 3757.0
84 1 3247.0
34 45 146.0
98 59 3927.0
46 76 190.0
33 28 2491.0
18 71 1154.0
70 87 1010.0
52 60 1891.0
70 99 2562.0
99 65 679.0
78 34 924.0
100 38 507.0
61 2 2328.0
95 69 65.0
3 79 1385.0
54 6 3738.0
82 87 2902.0
83 3 530.0
88 63 475.0
34 99 3337.0
38 95 147.0
7 74 1351.0
73 28 1718.0
70 40 1046.0
80 79 202.0
27 19 1303.0
86 91 1178.0
26 57 446.0
78 100 1150.0
17 41 402.0
47 23 2276.0
94 14 1169.0
10 59 3546.0
90 97 1375.0
2 50 903.0
41 11 2887.0
24 23 3866.0
93 11 1216.0
49 35 1558.0
39 91 3447.0
21 46 2277.0
66 63 3123.0
48 60 559.0
43 62 3568.0
29 12 335.0
81 13 225.0
54 41 2792.0
65 66 746.0
96 58 3141.0
43 12 2893.0
39 7 140.0
82 52 2697.0
63 35 3827.0
96 53 2694.0
6 44 3541.0
9 82 2960.0
20 21 2120.0
40 53 3292.0
84 98 2114.0
18 32 2911.0
96 91 1878.0
100 25 1117.0
66 67 2090.0
28 2 1200.0
15 42 3616.0
45 84 490.0
30 18 55.0
50 42 2182.0
44 23 3487.0
91 8 698.0
12 67 3185.0
99 15 2406.0
14 8 2413.0
21 71 607.0
99 41 426.0
19 73 2772.0
78 35 2589.0
24 83 1613.0
4 63 3735.0
20 47 985.0
67 70 2558.0
40 28 1811.0
21 65 1405.0
30 55 3540.0
47 73 774.0
93 49 307.0
11 90 3673.0
50 17 2289.0
74 90 207.0
54 20 1186.0
54 37 1158.0
48 55 3007.0
85 10 3526.0
7 78 1940.0
49 70 3092.0
4 23 192.0
28 51 1973.0
81 21 2365.0
83 1 185.0
42 100 1649.0
48 26 3084.0
12 24 1674.0
29 72 690.0
42 29 1537.0
67 27 1971.0
86 47 126.0
18 43 1383.0
64 57 719.0
80 4 877.0
58 33 1841.0
87 34 2576.0
69 53 3004.0
61 14 2772.0
97 100 1610.0
31 18 456.0
3 67 15.0
88 1 3694.0
9 89 2885.0
2 27 404.0
73 32 1879.0
20 61 105.0
4 78 31.0
34 90 136.0
87 14 3171.0
10 52 3800.0
30 86 374.0
77 92 3015.0
52 28 3925.0
67 89 3698.0
99 100 1766.0
78 84 2868.0
15 6 214.0
65 42 3259.0
24 30 318.0
88 77 2994.0
34 52 2339.0
36 67 921.0
14 84 2401.0
2 97 1084.0
5 16 1932.0
44 24 1589.0
21 57 3377.0
13 66 1930.0
100 60 2565.0
82 12 3772.0
66 21 2637.0
14 90 3072.0
90 31 1934.0
31 53 1130.0
81 48 2811.0
85 82 2237.0
10 100 1509.0
32 4 2338.0
8 65 17.0
21 62 2637.0
18 16 124.0
1 71 3587.0
91 81 1989.0
96 13 2443.0
97 41 1940.0
18 1 346.0
51 26 2237.0
34 13 3655.0
58 75 1600.0
46 65 2704.0
69 11 3161.0
77 98 3192.0
37 6 1735.0
9 62 1721.0
1 27 1324.0
41 43 1174.0
44 30 3905.0
82 78 3273.0
51 42 1313.0
77 99 2286.0
84 69 282.0
58 29 666.0
45 62 681.0
12 83 1315.0
2 55 1453.0
58 69 1246.0
83 40 1579.0
14 26 3629.0
48 90 2728.0
58 89 1869.0
84 19 309.0
28 21 2793.0
61 16 1549.0
5 6 2428.0
78 22 2367.0
22 12 2469.0
67 34 816.0
73 17 2466.0
64 95 3319.0
24 59 2222.0
86 31 780.0
64 94 3160.0
19 45 2422.0
71 15 2872.0
48 71 873.0
56 30 3413.0
14 56 2354.0
58 7 689.0
55 97 1320.0
19 26 2299.0
38 82 93.0
73 23 2834.0
23 21 847.0
40 35 3817.0
38 43 3410.0
40 47 3787.0
64 11 3151.0
24 91 150.0
61 63 1303.0
98 13 2386.0
95 12 3202.0
38 36 2047.0
64 70 854.0
6 61 1352.0
97 13 363.0
81 39 3357.0
60 43 1598.0
28 54 1544.0
87 32 2350.0
20 32 1030.0
59 49 1647.0
22 87 1589.0
51 27 3086.0
29 75 2278.0
4 71 3555.0
22 28 127.0
63 39 133.0
76 43 2330.0
56 100 2103.0
98 43 769.0
76 57 414.0
94 61 1616.0
98 48 3377.0
80 51 1922.0
7 23 1118.0
35 54 3014.0
19 1 3715.0
81 29 2581.0
13 90 601.0
54 51 1782.0
8 75 1229.0
66 84 3632.0
62 79 137.0
48 86 2995.0
73 91 1265.0
86 50 3814.0
47 25 1130.0
39 44 1844.0
59 84 2088.0
97 86 2537.0
19 68 2128.0
70 30 1249.0
33 50 3954.0
28 29 3040.0
18 95 34.0
46 69 822.0
26 67 339.0
64 45 1624.0
73 1 1968.0
48 59 2043.0
82 88 2672.0
84 100 1778.0
98 82 351.0
32 60 1085.0
18 25 1873.0
99 97 241.0
70 56 861.0
83 10 3029.0
58 34 2993.0
47 29 366.0
17 88 3047.0
76 100 1371.0
5 59 872.0
96 28 2570.0
83 46 1209.0
71 70 47.0
20 7 3010.0
5 97 2703.0
4 36 1893.0
13 80 3291.0
64 71 823.0
14 22 1355.0
68 92 1076.0
45 90 120.0
54 53 347.0
79 51 1658.0
41 14 2643.0
91 83 1844.0
43 49 1825.0
68 87 3599.0
38 47 741.0
72 37 1101.0
7 90 2225.0
2 86 1047.0
63 28 758.0
99 93 1189.0
99 29 1257.0
26 2 2251.0
1 76 1191.0
72 64 1593.0
80 30 87.0
55 7 1688.0
44 16 3613.0
10 20 744.0
22 5 1956.0
54 39 1356.0
15 10 1940.0
54 24 2428.0
50 55 779.0
85 80 1486.0
15 31 1002.0
13 2 904.0
50 64 3545.0
78 53 2994.0
98 11 2990.0
38 92 479.0
8 81 3903.0
38 10 2129.0
96 98 502.0
15 2 1724.0
22 98 3467.0
4 72 3057.0
38 62 2608.0
33 98 300.0
31 78 2109.0
87 98 3606.0
38 87 1856.0
56 24 3396.0
96 94 2317.0
45 24 2300.0
50 94 505.0
90 49 1535.0
43 51 1265.0
80 61 2248.0
47 51 623.0
34 40 2640.0
79 70 2516.0
62 49 794.0
65 25 3056.0
68 72 3369.0
85 90 2115.0
92 54 2649.0
37 53 539.0
98 55 734.0
61 11 113.0
81 89 1131.0
75 14 3056.0
57 8 465.0
81 98 3610.0
49 51 511.0
75 55 1495.0
35 90 683.0
28 24 3724.0
61 100 2058.0
52 90 2677.0
54 31 211.0
83 88 1505.0
29 59 3442.0
81 53 3393.0
63 52 910.0
10 77 3161.0
100 43 1890.0
80 48 1877.0
4 95 1563.0
44 54 1597.0
38 97 2970.0
78 6 232.0
59 88 2017.0
42 37 2494.0
90 53 1201.0
81 26 1824.0
40 97 544.0
87 44 2932.0
69 1 178.0
10 58 1701.0
35 45 353.0
73 11 594.0
42 88 2754.0
55 18 3744.0
65 62 291.0
15 9 55.0
77 76 3714.0
63 92 234.0
58 81 3787.0
44 94 3904.0
41 12 1020.0
61 74 1905.0
25 48 1999.0
89 56 1472.0
43 96 2694.0
13 50 2501.0
81 65 2895.0
56 29 1577.0
94 91 3078.0
1 7 2105.0
91 16 1408.0
42 79 1604.0
25 88 3833.0
7 65 1077.0
61 56 2319.0
67 55 493.0
27 66 261.0
4 89 393.0
34 100 1030.0
13 15 1818.0
11 62 751.0
2 22 3291.0
64 30 1238.0
29 1 3242.0
88 4 2089.0
28 87 2689.0
56 47 849.0
44 11 1394.0
93 94 1060.0
24 85 1434.0
52 16 1242.0
33 31 2370.0
95 41 1958.0
16 45 295.0
13 37 2676.0
81 12 3079.0
98 69 199.0
19 5 2872.0
47 15 3571.0
75 9 3210.0
6 79 1174.0
99 37 2320.0
5 82 867.0
72 31 2877.0
64 69 523.0
86 29 2426.0
30 5 204.0
94 66 2029.0
65 17 2233.0
79 67 589.0
31 71 3134.0
94 46 914.0
99 46 3402.0
83 58 2451.0
84 38 3087.0
24 78 3572.0
21 17 2942.0
74 43 992.0
68 100 2006.0
29 60 1880.0
50 68 314.0
40 42 1085.0
6 23 2123.0
40 22 112.0
84 70 313.0
91 72 2707.0
79 89 1341.0
40 90 865.0
46 87 938.0
87 29 1829.0
53 4 215.0
67 59 2166.0
34 11 3615.0
82 3 2677.0
40 5 1320.0
29 73 1619.0
57 60 3089.0
13 95 389.0
31 6 2267.0
56 43 3698.0
55 92 2761.0
75 64 874.0
75 16 3702.0
57 40 408.0
17 86 568.0
59 46 911.0
65 79 2284.0
66 5 402.0
69 75 1943.0
95 74 1205.0
33 22 663.0
93 26 1829.0
26 45 1512.0
41 66 466.0
31 85 573.0
71 49 1979.0
82 32 1269.0
83 85 562.0
85 18 2047.0
25 22 2251.0
32 57 2193.0
41 7 161.0
32 7 1958.0
51 48 714.0
53 63 3088.0
72 33 665.0
36 57 554.0
70 80 3847.0
93 54 1492.0
88 62 1467.0
75 32 3127.0
14 1 2874.0
77 44 2488.0
5 45 331.0
4 31 1319.0
14 63 788.0
80 46 2158.0
24 9 1007.0
75 44 369.0
21 72 805.0
82 33 2444.0
60 40 2121.0
24 64 1152.0
11 58 676.0
83 93 2202.0
48 9 763.0
55 42 1407.0
25 78 2445.0
23 52 1015.0
95 97 607.0
21 9 334.0
52 3 1720.0
81 41 3489.0
25 5 2856.0
51 93 2372.0
85 9 226.0
18 2 482.0
74 14 2097.0
78 94 2542.0
9 12 370.0
71 16 2060.0
41 34 3608.0
58 53 1727.0
1 80 1035.0
46 93 589.0
82 44 56.0
6 80 1669.0
59 20 2804.0
12 73 1942.0
21 90 2790.0
65 92 42.0
8 39 1229.0
31 30 502.0
87 69 2162.0
86 70 2452.0
62 98 3852.0
76 55 2938.0
16 33 398.0
27 68 938.0
51 29 938.0
81 57 2332.0
92 69 1678.0
31 95 3301.0
67 86 3805.0
84 80 702.0
51 86 454.0
27 16 307.0
39 14 2437.0
10 65 3680.0
14 64 78.0
49 5 408.0
74 31 3283.0
33 85 2893.0
42 97 1331.0
3 2 2492.0
85 39 3343.0
8 44 3700.0
72 87 3419.0
24 34 3547.0
28 39 826.0
91 85 3933.0
83 34 2753.0
41 2 297.0
52 15 199.0
58 48 1433.0
2 99 1238.0
59 11 120.0
81 74 626.0
10 28 554.0
73 83 684.0
42 66 1672.0
99 82 1486.0
52 5 3263.0
79 56 2868.0
12 56 3105.0
67 94 190.0
72 55 628.0
19 30 3623.0
99 49 3029.0
92 39 1246.0
4 76 2123.0
68 41 3706.0
75 38 2516.0
17 44 404.0
64 28 642.0
39 18 2340.0
67 14 2896.0
95 15 1117.0
53 55 2462.0
78 5 2433.0
75 74 3469.0
3 58 598.0
55 65 2517.0
55 63 3424.0
41 4 1024.0
23 56 2741.0
70 17 71.0
87 19 1075.0
72 38 1447.0
23 87 983.0
51 91 2248.0
65 36 1324.0
42 72 1823.0
11 100 1655.0
38 5 2979.0
58 24 3243.0
5 67 1710.0
74 37 2285.0
49 67 3111.0
63 11 1534.0
56 94 428.0
82 80 2272.0
90 36 2277.0
2 36 585.0
87 1 3756.0
34 47 2953.0
91 54 541.0
20 41 3675.0
50 37 1583.0
85 64 1235.0
21 75 2144.0
91 75 3610.0
91 76 1737.0
98 95 2307.0
6 90 456.0
11 46 3135.0
40 80 2244.0
46 5 3921.0
60 46 526.0
73 95 1781.0
43 67 2487.0
18 79 2402.0
52 30 2345.0
46 100 2133.0
14 98 3784.0
28 56 1179.0
68 43 3481.0
73 37 385.0
89 78 167.0
76 73 1353.0
11 33 1632.0
54 22 2170.0
76 36 1603.0
69 80 1932.0
20 95 3415.0
49 47 1324.0
13 55 774.0
17 95 1533.0
24 29 3509.0
28 60 1727.0
62 47 837.0
21 94 1239.0
66 78 497.0
31 39 3278.0
38 99 1740.0
50 45 1677.0
26 6 3187.0
79 68 261.0
80 15 2881.0
12 44 2882.0
97 88 2920.0
26 63 2201.0
9 19 2657.0
10 25 3497.0
27 76 2939.0
36 63 2006.0
94 1 3845.0
69 61 2247.0
72 83 3613.0
5 11 1418.0
55 38 2185.0
20 78 1668.0
64 59 483.0
19 86 265.0
41 22 3816.0
17 51 848.0
80 59 2668.0
91 59 2750.0
70 47 2016.0
35 52 706.0
11 1 2962.0
90 94 1813.0
24 39 905.0
66 90 220.0
100 27 726.0
41 63 2765.0
22 79 2802.0
50 44 779.0
62 8 285.0
33 91 762.0
37 25 1276.0
52 20 1171.0
61 95 3594.0
75 13 3465.0
68 31 1612.0
75 59 2844.0
37 91 352.0
1 2 567.0
83 2 2648.0
6 55 2124.0
82 75 996.0
1 81 1208.0
70 37 3215.0
8 53 2211.0
43 16 3204.0
76 37 257.0
29 7 1437.0
25 79 940.0
36 33 834.0
58 93 3497.0
23 57 2080.0
39 26 395.0
60 90 2167.0
56 37 1289.0
51 65 636.0
67 25 1102.0
96 65 3642.0
48 40 2980.0
4 79 2979.0
66 85 2502.0
9 86 3699.0
34 26 2157.0
21 31 1320.0
89 29 2779.0
6 17 2243.0
66 50 1002.0
5 20 2691.0
35 96 772.0
38 52 3333.0
20 16 3782.0
38 88 3248.0
98 36 2162.0
17 57 1537.0
97 70 753.0
23 8 1702.0
87 53 1561.0
34 3 3887.0
69 100 315.0
28 16 221.0
1 30 1149.0
52 70 1693.0
72 16 1928.0
60 35 832.0
34 50 821.0
34 55 3597.0
89 28 1295.0
87 84 1660.0
26 74 2698.0
56 51 3423.0
32 88 2646.0
82 13 711.0
52 25 1413.0
94 68 2647.0
33 3 3825.0
5 80 305.0
68 6 1381.0
62 60 1523.0
36 73 2458.0
25 75 792.0
74 32 2616.0
89 75 2382.0
74 94 2450.0
14 40 3502.0
23 35 362.0
66 57 3633.0
32 92 2832.0
76 85 2562.0
75 66 2818.0
83 51 1178.0
21 32 1460.0
47 87 30.0
88 84 1300.0
5 26 309.0
22 45 881.0
9 84 3121.0
62 96 1099.0
57 99 154.0
98 68 2820.0
34 93 137.0
62 94 351.0
35 22 1851.0
52 92 2795.0
31 32 3366.0
54 49 671.0
79 43 512.0
60 15 2905.0
27 95 3380.0
39 50 3019.0
86 65 1005.0
90 30 2657.0
33 23 3882.0
62 28 762.0
76 80 3675.0
18 8 3284.0
67 57 3688.0
8 40 31.0
15 53 177.0
17 16 545.0
7 17 503.0
41 70 1667.0
79 52 814.0
95 89 438.0
19 47 2672.0
80 22 3039.0
15 63 39.0
69 36 2798.0
86 4 2784.0
28 48 3065.0
34 68 572.0
85 74 416.0
66 18 3908.0
37 89 1084.0
50 46 3879.0
50 18 283.0
28 27 2308.0
74 48 749.0
98 72 1090.0
86 40 3602.0
45 4 3507.0
72 18 2840.0
80 55 1217.0
90 96 151.0
85 19 3155.0
97 92 1038.0
63 47 205.0
93 15 1012.0
3 46 2174.0
4 60 459.0
47 53 3304.0
91 68 1713.0
65 57 456.0
51 10 1864.0
21 86 1532.0
95 99 2975.0
69 16 1776.0
92 61 3219.0
51 50 1302.0
87 18 397.0
41 56 164.0
58 21 800.0
55 95 827.0
32 48 3018.0
19 59 891.0
70 16 941.0
80 49 860.0
78 71 2004.0
95 60 2923.0
33 86 906.0
18 21 318.0
9 20 3471.0
75 68 2651.0
83 74 3943.0
54 19 2304.0
45 2 2623.0
24 60 3049.0
61 54 2711.0
93 37 1754.0
43 92 1465.0
82 77 7.0
60 93 269.0
64 19 1636.0
39 43 3546.0
43 40 2227.0
74 1 2230.0
26 17 1188.0
65 61 2318.0
44 38 572.0
88 55 1608.0
14 55 2762.0
3 54 1334.0
17 67 1310.0
39 4 1832.0
100 45 323.0
13 4 2864.0
7 12 2815.0
33 39 2959.0
20 18 1353.0
97 34 2984.0
79 2 3860.0
58 25 1683.0
54 47 3766.0
53 64 1230.0
26 21 1465.0
85 92 1866.0
80 67 309.0
84 30 3443.0
45 20 3388.0
56 55 78.0
72 19 850.0
58 51 560.0
6 18 2713.0
32 14 634.0
95 23 1056.0
81 92 547.0
81 94 488.0
6 21 772.0
73 21 1217.0
98 94 3061.0
54 12 2792.0
7 13 5.0
31 64 345.0
15 69 2926.0
51 11 1359.0
24 57 770.0
29 43 1712.0
15 82 3806.0
82 72 3810.0
54 42 86.0
62 97 443.0
15 51 1613.0
7 46 1661.0
73 20 3170.0
87 77 3041.0
44 37 377.0
35 12 2664.0
93 73 1122.0
24 42 2715.0
50 28 2169.0
75 50 2450.0
57 20 476.0
32 47 1699.0
77 33 3955.0
96 86 1549.0
62 2 724.0
66 47 943.0
3 66 3526.0
77 51 1807.0
30 93 2105.0
92 13 2747.0
77 14 847.0
77 8 3468.0
96 61 1009.0
7 61 2059.0
99 73 2010.0
41 33 1180.0
68 55 841.0
88 6 811.0
65 3 2194.0
5 55 62.0
10 42 311.0
38 4 774.0
86 53 734.0
83 65 2664.0
53 22 2875.0
84 54 1365.0
94 2 1091.0
53 56 1116.0
32 42 764.0
98 42 2364.0
65 84 343.0
46 41 508.0
85 25 73.0
80 62 116.0
26 31 984.0
98 28 1358.0
42 81 2129.0
84 74 1283.0
66 22 503.0
13 51 1611.0
87 91 177.0
48 100 3126.0
74 79 990.0
31 70 1205.0
31 27 641.0
18 45 1334.0
55 61 1269.0
22 9 1651.0
13 29 1750.0
88 51 3824.0
37 26 2592.0
41 40 1396.0
48 34 2834.0
10 13 1525.0
94 8 2384.0
45 14 1337.0
41 57 137.0
83 98 2231.0
22 42 313.0
36 81 2462.0
76 63 1828.0
24 49 364.0
71 32 3472.0
60 26 2878.0
58 71 1199.0
14 49 140.0
57 44 1841.0
52 65 2712.0
57 27 2264.0
7 47 2938.0
9 39 3944.0
24 93 2194.0
38 77 312.0
66 61 2151.0
31 89 3190.0
18 3 2422.0
40 1 1099.0
49 97 1396.0
25 92 2610.0
40 82 1824.0
100 52 324.0
91 45 3776.0
69 10 3958.0
34 88 3925.0
55 59 1643.0
47 22 740.0
87 60 1054.0
75 54 2933.0
72 22 2563.0
48 13 1088.0
61 99 3719.0
53 9 1083.0
7 33 2079.0
56 35 806.0
27 75 2238.0
1 58 2170.0
82 30 3489.0
69 18 2477.0
15 75 2415.0
21 82 372.0
79 37 3776.0
33 60 2699.0
51 99 469.0
89 32 1862.0
50 35 313.0
59 23 322.0
52 58 1006.0
20 99 1095.0
74 66 3036.0
39 29 2971.0
72 89 2958.0
61 39 1409.0
3 70 3430.0
94 77 2239.0
83 7 3198.0
24 53 3054.0
10 62 2222.0
100 94 1751.0
57 53 3684.0
21 7 536.0
49 89 3598.0
60 11 3161.0
25 13 2623.0
6 25 3302.0
12 77 3719.0
2 47 290.0
81 83 3132.0
11 65 1177.0
15 74 2173.0
72 65 1356.0
57 91 819.0
70 35 3773.0
1 99 2208.0
16 54 2214.0
86 23 3343.0
56 60 283.0
95 96 707.0
30 38 1281.0
60 3 490.0
39 32 236.0
6 66 341.0
25 96 487.0
42 20 410.0
80 100 2978.0
73 77 513.0
40 76 2862.0
23 1 623.0
22 99 1999.0
70 63 2459.0
93 88 2978.0
49 10 2214.0
100 26 743.0
42 12 1716.0
23 58 806.0
7 22 189.0
14 80 935.0
91 90 3401.0
13 63 915.0
85 47 1916.0
88 79 3092.0
19 6 503.0
42 95 2506.0
55 81 2121.0
25 71 785.0
84 56 3738.0
43 52 338.0
30 98 1009.0
79 13 3340.0
27 63 2361.0
57 37 2101.0
11 3 817.0
47 13 2914.0
80 37 3345.0
4 40 173.0
92 78 3562.0
77 79 3536.0
19 43 2409.0
1 21 660.0
7 96 2131.0
100 64 2788.0
77 4 1868.0
69 31 2588.0
82 66 562.0
87 88 216.0
68 62 2568.0
37 35 2225.0
100 36 1103.0
50 89 3737.0
26 71 58.0
22 88 2638.0
60 37 458.0
37 66 2877.0
78 41 404.0
98 2 3069.0
8 9 1374.0
87 89 2988.0
24 11 2724.0
85 34 1036.0
36 19 2077.0
1 22 520.0
5 95 1597.0
13 52 1453.0
11 45 1623.0
19 77 595.0
76 44 2318.0
45 43 3094.0
19 92 3201.0
55 57 1643.0
78 69 3777.0
79 54 576.0
18 47 727.0
40 7 43.0
74 12 743.0
28 49 2967.0
73 79 2676.0
89 99 2737.0
86 80 2974.0
3 97 717.0
43 31 2518.0
74 99 2168.0
84 64 1868.0
75 81 678.0
8 35 3836.0
12 1 2843.0
24 32 1637.0
41 24 3686.0
14 21 3810.0
100 62 528.0
94 55 824.0
68 52 536.0
22 18 1448.0
76 13 2545.0
40 25 2700.0
55 33 3177.0
21 93 731.0
1 25 560.0
82 62 2287.0
93 36 2519.0
29 69 440.0
43 20 3928.0
78 73 1529.0
53 84 1837.0
23 84 2505.0
5 41 2943.0
81 24 1118.0
54 65 3566.0
25 32 290.0
48 78 2967.0
92 14 1457.0
65 93 2881.0
99 3 976.0
73 8 2863.0
49 13 3349.0
74 17 1360.0
80 27 2313.0
39 6 3852.0
91 49 1454.0
7 36 1453.0
24 87 1318.0
99 45 2546.0
15 46 1707.0
54 99 2516.0
97 96 1228.0
18 70 1968.0
36 47 2524.0
19 75 3832.0
70 26 497.0
92 95 912.0
61 18 3512.0
27 97 2942.0
10 1 3857.0
66 96 2755.0
40 27 194.0
94 27 2960.0
37 14 2007.0
68 78 3874.0
14 78 3103.0
60 82 3679.0
20 55 2818.0
89 12 2583.0
38 74 2370.0
41 75 2982.0
28 79 2543.0
95 79 3693.0
15 8 3593.0
10 99 2382.0
72 59 961.0
31 100 1400.0
45 58 1350.0
31 2 2098.0
50 3 651.0
78 59 3831.0
89 54 2011.0
13 39 3841.0
1 36 2023.0
79 78 2041.0
37 36 531.0
19 82 3264.0
81 23 3089.0
16 59 3815.0
52 51 781.0
8 24 2370.0
76 29 3156.0
39 20 1407.0
77 6 2756.0
1 79 3062.0
77 61 3674.0
15 43 983.0
52 17 3820.0
38 37 3065.0
76 21 398.0
58 56 2334.0
77 7 2056.0
45 12 142.0
87 40 3368.0
21 77 1844.0
73 53 3584.0
93 42 2775.0
59 57 2143.0
51 4 1478.0
94 69 506.0
93 66 1926.0
92 16 1462.0
97 79 3090.0
54 46 632.0
98 10 2364.0
94 19 1021.0
53 91 3195.0
26 90 1274.0
45 21 1965.0
16 42 3432.0
71 57 290.0
12 59 2354.0
97 8 2102.0
88 78 2348.0
3 25 2601.0
63 21 3854.0
36 66 3253.0
2 68 3509.0
83 75 741.0
3 17 2363.0
24 18 3748.0
28 74 1350.0
3 23 3072.0
99 91 1940.0
56 50 1209.0
7 84 1032.0
74 29 343.0
22 86 2138.0
24 82 2852.0
43 42 3587.0
20 49 3631.0
15 72 2845.0
81 76 677.0
71 37 1658.0
52 81 391.0
9 34 761.0
71 24 330.0
60 25 3096.0
86 55 2714.0
60 79 132.0
4 29 3739.0
15 20 3617.0
14 38 2211.0
61 67 1243.0
38 65 3746.0
98 8 3324.0
47 57 3909.0
49 68 2725.0
62 54 2698.0
33 89 3804.0
90 81 206.0
49 83 1463.0
37 83 2547.0
84 94 1422.0
53 61 3824.0
6 30 3486.0
16 11 3086.0
45 33 2709.0
34 95 3148.0
28 68 3747.0
44 3 2179.0
17 19 392.0
70 22 171.0
21 24 3824.0
87 13 3213.0
5 70 3125.0
10 43 1602.0
16 15 3881.0
76 14 927.0
28 71 3038.0
83 21 1881.0
1 5 1390.0
22 38 390.0
2 30 2538.0
55 47 2760.0
49 82 4.0
10 29 2930.0
62 13 2191.0
90 69 3934.0
59 18 2084.0
68 77 2089.0
79 85 115.0
18 9 912.0
34 46 2035.0
31 59 3314.0
48 62 2754.0
55 90 99.0
46 79 992.0
84 93 3107.0
33 51 2026.0
34 96 2230.0
96 27 285.0
58 79 1968.0
60 49 3026.0
82 57 1062.0
97 35 981.0
6 40 1497.0
27 18 2401.0
80 11 2927.0
98 25 2219.0
80 64 3254.0
76 24 2587.0
35 62 2564.0
76 86 1307.0
89 21 1889.0
17 56 2869.0
49 87 1372.0
69 50 1690.0
96 83 1512.0
92 8 2026.0
98 100 2801.0
24 6 607.0
80 12 2070.0
16 37 334.0
54 73 446.0
8 79 2957.0
75 93 1533.0
20 66 3671.0
72 32 1740.0
60 45 1361.0
19 66 379.0
26 49 1876.0
52 24 81.0
31 99 1710.0
52 39 3110.0
4 59 838.0
21 98 2358.0
15 66 2496.0
66 60 3900.0
52 9 1219.0
46 72 1243.0
23 39 845.0
27 48 3067.0
43 33 3553.0
98 23 3201.0
80 25 1319.0
23 27 3402.0
29 2 431.0
36 62 2643.0
35 15 1071.0
17 54 1690.0
15 37 999.0
8 10 2458.0
63 32 2740.0
88 67 885.0
81 77 3680.0
96 93 2380.0
37 96 632.0
86 57 2033.0
53 35 2984.0
25 30 3904.0
7 3 739.0
84 41 569.0
41 45 2991.0
20 98 2457.0
64 12 3537.0
89 71 3321.0
7 26 3599.0
4 30 1117.0
16 97 1230.0
81 5 2835.0
88 10 223.0
29 83 2256.0
37 78 1970.0
84 79 3747.0
45 92 1486.0
15 58 618.0
32 40 2696.0
57 87 155.0
73 24 188.0
30 54 777.0
33 67 2184.0
95 63 1228.0
68 86 748.0
46 91 3540.0
71 23 3012.0
95 49 914.0
3 47 2310.0
17 64 502.0
40 88 3896.0
66 45 826.0
98 66 1938.0
22 39 939.0
26 99 2490.0
89 74 2867.0
49 40 3151.0
40 21 498.0
88 18 497.0
78 70 982.0
89 36 1201.0
38 35 1759.0
61 35 3083.0
90 23 995.0
2 9 2440.0
96 88 28.0
23 92 686.0
11 40 2105.0
61 62 565.0
94 20 955.0
42 89 639.0
39 69 1346.0
20 90 3560.0
36 31 3947.0
71 56 89.0
95 71 2401.0
85 41 84.0
62 52 2052.0
45 27 1758.0
53 38 1.0
36 70 1468.0
38 64 1376.0
82 69 1009.0
34 33 2467.0
91 2 3087.0
3 15 313.0
75 10 987.0
67 18 2643.0
20 69 2399.0
87 27 329.0
14 35 1292.0
87 73 3048.0
58 88 792.0
94 95 2305.0
46 95 498.0
19 31 3230.0
22 74 347.0
30 51 834.0
63 49 533.0
65 75 1258.0
42 87 138.0
15 78 194.0
88 41 3411.0
63 50 3177.0
63 65 1574.0
43 25 2819.0
38 69 3790.0
100 8 2045.0
50 9 3804.0
32 38 222.0
96 15 3435.0
76 12 1733.0
45 81 670.0
83 53 407.0
11 75 1567.0
39 10 1320.0
10 12 45.0
72 52 653.0
61 47 1170.0
9 40 830.0
72 54 2093.0
94 79 1024.0
30 23 1173.0
82 7 2243.0
81 66 681.0
19 39 2951.0
78 60 2471.0
9 66 1721.0
87 15 1589.0
97 12 3734.0
16 24 1307.0
71 11 3705.0
7 8 2674.0
34 42 313.0
10 80 2966.0
62 63 2717.0
27 8 2283.0
52 99 575.0
98 47 796.0
67 50 3053.0
86 10 3183.0
41 3 1741.0
31 7 834.0
73 100 1044.0
77 50 1352.0
60 21 821.0
80 89 1782.0
24 26 3302.0
86 84 3392.0
15 27 1108.0
9 32 2338.0
54 9 1096.0
63 93 2995.0
96 17 3629.0
19 41 3368.0
15 7 2068.0
55 100 1671.0
30 74 1453.0
58 80 375.0
63 58 2208.0
52 56 2831.0
50 90 3908.0
99 80 1740.0
49 77 346.0
59 8 3272.0
63 17 1980.0
26 95 2108.0
80 29 3570.0
7 63 1475.0
69 77 1930.0
41 67 3437.0
77 9 52.0
46 45 473.0
61 37 382.0
77 3 3836.0
93 10 2416.0
98 38 3861.0
52 26 3552.0
11 15 3513.0
66 73 240.0
50 85 1602.0
49 79 353.0
75 97 1096.0
35 4 3037.0
95 44 981.0
82 4 3403.0
82 70 1112.0
67 96 3574.0
5 51 3278.0
79 48 1742.0
82 94 1206.0
2 96 3503.0
49 15 1912.0
6 91 1808.0
46 44 1732.0
52 44 330.0
89 18 1368.0
21 61 1600.0
90 89 2266.0
92 90 964.0
31 50 2082.0
77 78 512.0
61 73 598.0
54 13 3334.0
72 47 1902.0
49 11 2700.0
97 32 1808.0
18 17 718.0
47 94 1418.0
25 49 3395.0
20 77 3006.0
11 79 1738.0
57 69 2889.0
69 5 17.0
13 19 1679.0
17 59 2969.0
74 19 2185.0
54 81 3606.0
17 61 3155.0
9 99 1542.0
37 1 3738.0
31 92 431.0
32 29 3751.0
73 55 3450.0
36 23 2635.0
57 28 1991.0
69 54 2655.0
63 30 3764.0
38 39 1326.0
22 20 2897.0
76 39 3035.0
90 56 2031.0
31 73 1643.0
38 13 2445.0
28 83 3268.0
35 31 1960.0
18 76 459.0
54 32 1149.0
45 98 632.0
5 3 2787.0
96 20 2427.0
36 26 666.0
36 40 288.0
92 51 3041.0
99 78 3360.0
87 11 304.0
43 28 1875.0
25 59 3800.0
94 13 3473.0
12 23 2003.0
50 71 1660.0
50 30 1823.0
12 38 920.0
100 91 3204.0
41 73 2991.0
18 11 500.0
35 25 1051.0
59 89 2148.0
44 65 1841.0
41 52 197.0
17 2 3359.0
41 77 1771.0
53 62 1132.0
16 47 2335.0
61 3 1748.0
16 26 1357.0
64 36 3233.0
16 84 2302.0
65 27 11.0
60 1 1667.0
78 19 2472.0
79 14 3713.0
81 28 235.0
27 91 2849.0
80 34 1852.0
21 27 1665.0
64 81 1227.0
9 70 3401.0
28 95 2578.0
37 41 822.0
23 20 291.0
98 64 1308.0
23 18 2607.0
48 3 1158.0
48 30 2763.0
59 14 3032.0
100 95 185.0
25 81 3939.0
30 94 1813.0
50 57 1498.0
13 53 982.0
8 88 3632.0
19 42 2910.0
16 10 753.0
20 87 2337.0
36 74 552.0
9 29 1143.0
95 3 701.0
78 27 3619.0
61 40 1026.0
57 85 306.0
48 8 1090.0
70 94 2197.0
57 96 1885.0
90 38 3152.0
15 65 773.0
29 23 436.0
84 68 732.0
69 13 1695.0
100 12 393.0
57 56 1621.0
6 43 1934.0
13 85 2985.0
61 98 1646.0
21 91 552.0
60 16 38.0
64 2 1024.0
67 20 1160.0
82 14 1186.0
32 96 713.0
53 95 1165.0
79 27 383.0
58 64 2978.0
10 74 2025.0
62 1 3167.0
30 89 1064.0
73 88 3125.0
51 73 3077.0
65 28 945.0
8 69 2927.0
62 74 2756.0
63 51 658.0
17 40 956.0
33 94 3791.0
44 32 2723.0
91 34 2003.0
20 8 2988.0
22 13 728.0
46 18 3533.0
49 88 1088.0
21 96 1759.0
32 30 188.0
81 61 3155.0
11 91 30.0
45 88 927.0
46 61 1294.0
15 94 1043.0
52 86 3395.0
27 56 657.0
67 19 3383.0
9 31 1045.0
74 58 2972.0
59 28 1966.0
9 69 599.0
74 71 1713.0
41 72 3717.0
21 68 2951.0
12 39 732.0
17 55 1724.0
54 36 1428.0
64 18 845.0
77 84 3601.0
19 11 1786.0
14 62 1730.0
16 55 1126.0
81 49 2198.0
26 12 1501.0
10 89 3407.0
3 71 84.0
82 79 3176.0
61 26 1763.0
1 93 3465.0
10 71 1919.0
85 21 3166.0
65 95 2373.0
95 14 976.0
11 37 35.0
7 14 3823.0
71 6 1644.0
91 23 1858.0
34 44 2220.0
85 40 3842.0
35 76 3959.0
37 67 950.0
5 56 1909.0
83 60 892.0
69 73 3431.0
46 43 2303.0
39 17 3281.0
48 72 3176.0
73 57 251.0
94 36 559.0
81 37 273.0
13 74 1886.0
41 92 639.0
78 65 909.0
89 35 587.0
57 11 99.0
30 41 1663.0
62 27 509.0
94 34 2132.0
65 40 2752.0
98 49 2218.0
26 64 2202.0
98 80 1764.0
71 39 186.0
70 69 442.0
53 27 1210.0
78 54 1159.0
49 41 37.0
59 39 631.0
78 3 230.0
57 1 3492.0
87 66 549.0
85 89 419.0
39 96 2484.0
66 8 2479.0
58 73 2123.0
70 13 1256.0
30 61 2988.0
8 5 609.0
72 70 2137.0
65 77 2998.0
91 93 3547.0
50 22 1063.0
99 44 2682.0
2 56 729.0
91 58 543.0
54 88 848.0
36 3 2417.0
98 65 3414.0
66 54 624.0
48 50 55.0
82 8 2180.0
90 16 3454.0
23 10 1903.0
68 33 3073.0
29 50 476.0
84 27 2700.0
38 59 3494.0
50 54 2992.0
98 79 1460.0
17 31 3488.0
72 73 2595.0
7 99 3190.0
86 82 2980.0
9 1 3646.0
90 8 3227.0
77 47 1573.0
88 29 1625.0
25 95 3480.0
89 94 1831.0
7 19 1691.0
36 32 2826.0
33 78 1656.0
42 76 853.0
84 99 1204.0
43 55 1090.0
38 60 754.0
51 98 2013.0
16 2 1095.0
62 89 1029.0
15 40 686.0
96 4 1838.0
44 36 1258.0
45 94 376.0
56 7 2179.0
92 46 885.0
43 85 2714.0
49 38 946.0
35 91 127.0
99 19 3865.0
56 68 2058.0
2 40 3689.0
11 95 2819.0
92 100 3638.0
91 71 1956.0
25 56 2490.0
21 44 851.0
76 93 1109.0
50 41 3550.0
69 47 3185.0
37 47 1524.0
24 80 2940.0
3 75 3956.0
30 71 217.0
48 15 2806.0
63 37 3471.0
79 69 12.0
30 97 3672.0
25 46 1808.0
8 72 3578.0
16 38 1950.0
74 3 514.0
66 56 1786.0
98 16 737.0
39 1 1329.0
44 49 2153.0
18 58 214.0
100 57 2111.0
59 96 3571.0
87 51 582.0
54 68 2416.0
80 53 3679.0
68 5 3745.0
31 5 1070.0
1 96 1621.0
62 40 1355.0
21 16 1260.0
42 62 1932.0
32 13 3791.0
62 81 1319.0
38 45 821.0
5 76 1167.0
54 60 1582.0
56 62 2584.0
27 25 2247.0
47 95 3839.0
41 55 2963.0
12 2 1246.0
58 70 706.0
29 6 554.0
84 17 3414.0
88 74 427.0
85 3 664.0
13 41 349.0
33 83 1463.0
59 15 375.0
31 58 2192.0
89 7 745.0
67 29 3137.0
35 80 1026.0
66 97 3569.0
16 86 3612.0
11 56 818.0
41 61 1764.0
85 77 1928.0
71 100 2937.0
15 70 2824.0
92 66 1509.0
77 11 1754.0
45 42 2541.0
16 36 2862.0
79 86 756.0
31 37 2365.0
19 37 3831.0
21 67 91.0
82 92 1550.0
86 15 3440.0
27 74 1515.0
33 10 3299.0
94 38 934.0
53 52 251.0
36 15 3034.0
77 96 1719.0
50 59 2507.0
9 76 2826.0
37 97 2378.0
33 17 128.0
63 24 1170.0
22 6 3395.0
67 63 2334.0
29 41 3777.0
29 33 3648.0
69 99 3726.0
95 70 3802.0
99 42 442.0
2 92 572.0
41 21 1316.0
100 4 389.0
27 69 3785.0
65 91 1512.0
89 77 1536.0
90 22 322.0
52 80 1867.0
90 37 2418.0
21 54 1755.0
76 2 2069.0
30 76 3080.0
46 49 1083.0
34 92 3484.0
91 47 3047.0
26 10 828.0
95 8 307.0
42 75 1172.0
43 9 950.0
32 90 833.0
60 14 1486.0
63 94 790.0
44 71 77.0
49 9 1810.0
81 22 3735.0
22 23 3797.0
32 53 1811.0
30 91 3499.0
19 34 1952.0
40 18 3417.0
15 32 1658.0
4 98 2308.0
95 33 3131.0
12 15 1833.0
38 51 3726.0
18 51 1012.0
56 16 1504.0
9 57 3356.0
13 30 3471.0
44 47 3258.0
90 79 1748.0
63 40 3155.0
62 99 509.0
90 100 623.0
39 72 3674.0
82 42 622.0
81 15 272.0
61 85 1455.0
53 2 3592.0
2 49 710.0
60 70 1393.0
21 36 551.0
12 99 2017.0
26 15 1850.0
72 66 2201.0
51 1 3640.0
69 21 3930.0
70 39 748.0
32 84 2500.0
94 25 3305.0
53 99 3076.0
90 98 2771.0
82 83 2184.0
93 61 3779.0
81 71 53.0
20 40 3.0
43 82 528.0
71 97 3205.0
88 68 1554.0
92 33 2729.0
48 77 1080.0
39 46 1768.0
32 11 3877.0
4 84 3264.0
68 59 2956.0
98 97 2029.0
95 22 1207.0
78 1 946.0
10 2 2337.0
2 25 1179.0
22 82 2267.0
62 37 3560.0
87 8 2608.0
93 82 3557.0
28 42 2535.0
48 93 778.0
78 50 1402.0
32 78 895.0
50 76 2615.0
19 49 1842.0
82 18 3373.0
65 12 657.0
78 2 1760.0
18 48 2986.0
34 18 1578.0
48 65 3788.0
43 27 1374.0
69 35 1670.0
61 45 1223.0
6 51 1057.0
47 93 746.0
27 14 3796.0
71 63 992.0
68 15 2385.0
19 21 587.0
85 20 2560.0
42 6 2757.0
97 39 3735.0
47 45 3599.0
82 61 732.0
67 28 3359.0
22 49 2802.0
5 71 3511.0
65 74 2829.0
42 63 2541.0
3 28 2198.0
31 84 2949.0
63 78 3288.0
48 73 2358.0
90 28 1778.0
85 53 714.0
19 76 1491.0
47 24 538.0
100 79 3029.0
79 24 1064.0
68 58 2081.0
9 92 1210.0
33 12 306.0
54 94 3417.0
7 38 2605.0
53 71 2528.0
97 45 1026.0
72 44 2779.0
35 43 848.0
68 29 915.0
94 51 3752.0
41 100 3872.0
4 6 1749.0
96 76 1379.0
19 96 311.0
73 89 1126.0
23 13 3257.0
84 3 3142.0
94 23 1792.0
63 33 1255.0
86 46 600.0
29 14 2157.0
38 78 576.0
72 99 54.0
10 53 1986.0
70 12 3599.0
8 89 2726.0
69 43 2239.0
43 2 389.0
39 56 335.0
93 62 850.0
61 4 1473.0
13 45 1844.0
48 21 452.0
7 50 3305.0
62 31 900.0
59 44 1845.0
62 7 3325.0
68 38 221.0
6 86 1657.0
16 34 3249.0
42 59 3559.0
44 85 546.0
92 40 2226.0
61 44 1988.0
54 55 3196.0
2 20 2651.0
81 20 1702.0
36 52 148.0
90 15 650.0
92 50 930.0
42 11 3593.0
4 46 510.0
79 41 1029.0
36 43 1142.0
46 74 1142.0
35 33 3451.0
48 29 2810.0
38 40 175.0
68 30 2810.0
69 33 842.0
39 74 1.0
42 73 1741.0
38 93 1831.0
2 90 3680.0
65 13 2725.0
22 94 2918.0
79 32 1153.0
71 79 2122.0
13 59 1188.0
53 19 495.0
80 33 1424.0
75 31 1451.0
19 25 2622.0
15 1 794.0
88 56 3203.0
17 5 1417.0
65 19 468.0
19 3 2813.0
89 91 3037.0
87 78 873.0
7 9 1166.0
15 97 827.0
68 18 815.0
87 58 315.0
39 98 160.0
31 51 1484.0
72 53 3762.0
66 40 1440.0
67 84 2754.0
94 39 672.0
23 42 2199.0
26 65 671.0
16 95 2331.0
39 30 2145.0
65 33 3525.0
77 56 1392.0
47 74 1977.0
99 23 3605.0
95 77 837.0
83 89 2424.0
36 10 1736.0
32 50 98.0
58 38 3517.0
71 41 978.0
59 83 3117.0
70 61 997.0
55 31 1296.0
99 83 2967.0
25 28 261.0
63 10 3083.0
22 71 3319.0
89 44 2004.0
16 25 351.0
29 19 624.0
22 44 102.0
24 13 3586.0
92 35 1866.0
6 9 366.0
23 41 181.0
92 44 3635.0
77 80 476.0
45 69 3501.0
6 2 1553.0
39 64 800.0
42 92 57.0
33 75 2833.0
67 71 2335.0
98 58 3064.0
19 81 2780.0
95 58 1825.0
9 4 2004.0
27 10 2410.0
67 6 2309.0
75 53 1572.0
75 43 2812.0
80 7 467.0
84 48 479.0
17 60 3686.0
88 7 2781.0
37 88 3243.0
13 60 1380.0
35 6 1200.0
7 52 1991.0
38 19 3434.0
99 25 3152.0
69 67 2869.0
36 11 1026.0
55 60 1313.0
55 1 1415.0
55 23 2848.0
61 36 1484.0
17 69 330.0
67 68 1076.0
61 27 451.0
94 85 3070.0
47 64 1489.0
13 6 367.0
92 89 35.0
33 30 3737.0
25 66 1764.0
1 97 1057.0
69 24 2183.0
32 8 346.0
16 81 142.0
96 87 3503.0
86 34 1743.0
48 68 400.0
10 73 3809.0
38 17 2113.0
93 17 2114.0
52 94 814.0
32 56 593.0
51 85 2350.0
17 66 383.0
93 69 1057.0
49 4 598.0
83 76 3222.0
62 51 853.0
41 65 1287.0
34 17 346.0
6 70 3851.0
73 85 1022.0
26 3 2210.0
4 10 2313.0
18 49 3693.0
51 60 1166.0
35 55 896.0
66 51 1381.0
24 72 2929.0
25 76 2001.0
52 21 3888.0
49 85 289.0
14 88 205.0
9 63 1058.0
95 37 2099.0
27 11 2254.0
43 37 2570.0
46 2 553.0
42 46 1485.0
74 82 521.0
30 15 2175.0
74 49 644.0
34 61 583.0
52 1 3869.0
50 60 2150.0
61 5 1478.0
31 66 2842.0
43 70 2485.0
29 62 3885.0
34 82 2812.0
94 29 2073.0
52 32 770.0
72 60 899.0
46 75 1940.0
20 35 1267.0
43 26 3066.0
16 19 3740.0
80 56 401.0
47 6 1388.0
48 23 2034.0
40 55 3771.0
76 8 1217.0
8 64 2576.0
34 66 3346.0
11 72 2908.0
1 32 975.0
43 80 3027.0
73 30 1318.0
36 25 2987.0
57 75 276.0
22 11 3104.0
75 87 1382.0
42 44 1972.0
35 30 3457.0
24 92 1627.0
2 74 1755.0
11 25 3920.0
41 47 1087.0
23 64 501.0
57 80 1665.0
83 48 1792.0
35 88 760.0
91 31 1868.0
28 14 500.0
64 91 1361.0
37 3 846.0
91 48 988.0
74 45 2035.0
53 50 1389.0
30 11 3136.0
51 57 1734.0
1 42 3562.0
67 75 2.0
42 5 3318.0
64 78 1652.0
88 92 2195.0
86 85 3073.0
68 22 378.0
90 99 3614.0
12 32 2068.0
89 47 3109.0
70 75 1222.0
97 18 1196.0
10 50 2331.0
93 31 1037.0
59 9 540.0
96 64 3496.0
47 42 2286.0
44 97 2496.0
100 28 328.0
53 97 3038.0
31 83 608.0
34 20 1660.0
20 68 122.0
4 87 172.0
62 5 2878.0
32 99 1211.0
98 29 3008.0
98 89 504.0
59 74 3311.0
79 53 2363.0
35 18 696.0
25 24 523.0
78 85 2401.0
38 50 2769.0
30 36 771.0
5 28 1384.0
91 13 2969.0
78 43 3393.0
61 8 2262.0
49 84 3728.0
93 78 2738.0
84 26 220.0
12 6 2481.0
57 52 2749.0
43 48 2231.0
45 10 318.0
85 11 3378.0
92 15 1025.0
27 5 3035.0
3 24 42.0
24 65 1364.0
85 88 818.0
99 63 2709.0
41 16 797.0
25 61 3344.0
14 5 1364.0
19 52 786.0
34 5 436.0
94 5 2326.0
87 61 1316.0
68 40 3107.0
9 79 2003.0
66 7 581.0
76 38 317.0
14 69 1989.0
48 42 2131.0
19 23 3270.0
20 46 3272.0
58 84 3887.0
85 71 2711.0
17 80 1583.0
2 82 1628.0
96 12 333.0
77 54 2756.0
16 40 3483.0
61 29 3856.0
6 62 355.0
6 52 2802.0
99 86 3686.0
91 43 3177.0
86 37 2398.0
89 57 595.0
60 41 2087.0
70 55 2365.0
73 40 3349.0
26 85 3526.0
35 64 38.0
27 52 2538.0
13 77 997.0
32 65 2360.0
92 74 1212.0
13 56 3403.0
77 83 3129.0
3 12 3233.0
24 55 1346.0
9 38 800.0
48 4 1568.0
46 90 3758.0
69 72 594.0
58 50 3642.0
65 69 3457.0
48 12 1688.0
87 37 1034.0
93 89 3536.0
90 64 2673.0
78 98 113.0
34 74 3495.0
21 38 336.0
9 3 2421.0
92 29 3686.0
67 54 3605.0
16 32 1685.0
84 61 3499.0
74 57 2389.0
9 41 1341.0
47 65 1.0
5 7 2699.0
11 99 3628.0
6 41 2951.0
64 7 2456.0
67 64 2283.0
52 12 3059.0
4 3 2903.0
54 33 98.0
46 33 3455.0
42 58 368.0
85 97 2396.0
96 3 770.0
87 39 1696.0
62 57 1286.0
41 28 3579.0
46 14 63.0
66 12 171.0
96 70 3032.0
82 76 3594.0
56 67 3086.0
13 3 410.0
48 89 3399.0
26 97 745.0
93 57 3098.0
55 58 2792.0
64 49 2510.0
5 9 27.0
2 73 3850.0
19 69 1390.0
94 3 3150.0
93 6 2697.0
20 70 453.0
24 50 531.0
43 97 2819.0
12 53 3184.0
17 25 36.0
7 49 2240.0
79 66 3482.0
41 38 2849.0
38 66 99.0
98 19 1096.0
26 29 973.0
14 66 1606.0
93 41 2758.0
28 37 158.0
51 90 3661.0
56 8 3901.0
88 94 213.0
88 60 610.0
67 65 123.0
85 63 2180.0
81 50 2436.0
4 55 2268.0
62 16 2395.0
96 63 1740.0
41 1 721.0
65 100 937.0
76 88 2877.0
64 42 1003.0
89 88 2666.0
7 34 1690.0
32 59 1609.0
46 71 1057.0
27 6 306.0
7 60 2489.0
80 97 1982.0
55 64 2900.0
70 8 2664.0
99 13 1663.0
62 90 3335.0
76 59 1063.0
73 50 3509.0
69 25 929.0
100 32 308.0
8 52 2877.0
57 7 2152.0
5 73 1001.0
83 78 1744.0
47 1 1268.0
86 36 3367.0
34 62 2385.0
93 43 2580.0
99 48 1324.0
35 41 476.0
63 84 2122.0
39 80 1151.0
31 94 2710.0
26 11 241.0
26 4 1986.0
45 15 2648.0
93 19 2393.0
49 48 2602.0
75 85 1500.0
12 37 2842.0
52 67 256.0
50 27 3270.0
36 53 1442.0
26 68 1130.0
20 76 1336.0
94 83 2649.0
51 53 3181.0
53 45 2024.0
63 43 3845.0
17 29 3633.0
51 9 3229.0
23 88 152.0
97 89 2636.0
81 35 339.0
1 77 1308.0
92 99 2732.0
28 13 1683.0
32 41 2170.0
64 79 964.0
44 67 3480.0
49 96 1269.0
54 29 531.0
56 93 17.0
60 68 3889.0
19 24 1042.0
30 96 1687.0
95 6 2657.0
34 51 2802.0
69 89 2555.0
45 29 3094.0
11 4 1792.0
10 61 2629.0
20 44 842.0
81 96 3093.0
46 31 3528.0
76 34 1611.0
43 30 2679.0
30 72 1331.0
47 50 294.0
58 78 3744.0
87 74 1496.0
26 30 1214.0
66 58 3752.0
73 67 2206.0
99 64 1704.0
68 53 2941.0
75 99 1194.0
87 54 2652.0
17 35 2960.0
93 90 2561.0
23 70 3791.0
29 53 1170.0
16 1 3036.0
1 67 3373.0
9 87 1725.0
87 63 1108.0
21 37 2972.0
55 8 1519.0
26 9 3241.0
98 88 449.0
75 24 1026.0
60 96 3826.0
92 62 1650.0
6 16 2166.0
59 7 2427.0
33 93 2721.0
62 33 610.0
62 83 20.0
100 29 782.0
34 6 2322.0
61 12 2862.0
65 89 315.0
48 2 2954.0
3 35 2637.0
63 79 510.0
74 35 713.0
9 71 1661.0
3 76 280.0
18 93 1848.0
42 71 2556.0
22 56 1966.0
10 67 24.0
4 81 967.0
70 29 1111.0
34 29 2028.0
67 46 510.0
80 31 185.0
8 43 2220.0
6 87 2504.0
91 42 2283.0
51 70 3959.0
83 5 1686.0
22 58 988.0
93 80 2.0
30 65 3005.0
97 87 3762.0
45 70 2519.0
1 50 720.0
22 93 2841.0
92 87 1978.0
98 86 3401.0
60 76 3482.0
17 43 2704.0
34 32 2325.0
15 4 1864.0
32 95 668.0
47 43 1436.0
15 44 3919.0
90 43 1814.0
3 92 265.0
66 26 1426.0
33 88 976.0
16 14 3777.0
94 12 3308.0
61 64 1255.0
41 36 3035.0
23 67 1610.0
16 83 2314.0
57 77 2811.0
99 79 2077.0
27 59 505.0
94 18 3065.0
32 2 662.0
91 84 1776.0
1 92 1493.0
9 96 809.0
47 82 406.0
48 75 3652.0
89 39 1050.0
12 5 1046.0
8 42 2403.0
42 90 889.0
89 16 1363.0
50 72 215.0
96 18 2370.0
48 66 2675.0
75 34 3711.0
14 2 974.0
18 54 1693.0
83 44 3265.0
22 43 2247.0
38 61 1540.0
39 21 2571.0
70 62 3132.0
14 10 3677.0
60 67 3177.0
16 68 1852.0
67 2 993.0
19 33 3569.0
32 10 652.0
45 49 661.0
65 71 2532.0
16 82 589.0
90 83 701.0
72 75 538.0
92 17 817.0
73 96 1344.0
39 53 1421.0
11 43 2041.0
98 75 2399.0
32 58 568.0
43 65 182.0
10 82 2907.0
75 100 2100.0
47 99 2616.0
35 9 1157.0
66 53 1446.0
43 44 2087.0
67 45 3809.0
95 88 448.0
93 35 885.0
68 70 334.0
82 71 2549.0
93 55 2613.0
49 73 2545.0
78 21 300.0
6 98 3703.0
89 61 1105.0
48 36 3312.0
88 70 2182.0
47 78 3669.0
89 2 3410.0
99 50 2508.0
63 77 1347.0
2 7 3199.0
99 68 506.0
98 5 3303.0
52 96 2574.0
71 88 1490.0
45 55 1352.0
63 68 1970.0
93 2 3905.0
13 11 1837.0
73 64 3188.0
41 26 941.0
53 59 1944.0
88 31 917.0
54 25 335.0
66 11 1888.0
49 30 887.0
52 95 2980.0
85 38 629.0
93 77 424.0
38 11 1728.0
22 60 3028.0
14 68 144.0
90 78 2486.0
45 39 1165.0
51 3 2257.0
72 17 626.0
78 80 1985.0
7 87 3030.0
32 70 2916.0
25 21 1143.0
16 76 1852.0
20 51 2688.0
44 56 3795.0
5 64 2908.0
55 66 1618.0
22 57 883.0
16 31 2630.0
16 77 1528.0
85 87 2597.0
53 23 2134.0
95 87 653.0
58 43 3821.0
20 62 2798.0
86 92 704.0
61 50 2846.0
45 1 3507.0
20 25 1853.0
97 50 3166.0
52 31 1018.0
1 33 2458.0
96 69 1563.0
73 74 12.0
79 87 3225.0
20 88 2791.0
61 1 1879.0
62 84 3610.0
64 68 2616.0
66 4 2400.0
72 25 1067.0
45 87 677.0
8 84 2622.0
81 2 2328.0
28 69 904.0
45 93 2878.0
33 70 1533.0
37 98 2368.0
7 4 3390.0
39 51 91.0
84 52 337.0
46 29 3919.0
79 93 560.0
31 24 3597.0
51 84 2237.0
35 7 1848.0
28 36 117.0
71 66 1146.0
23 89 1451.0
35 72 3934.0
53 28 579.0
90 59 919.0
97 67 3497.0
2 60 2042.0
13 67 833.0
52 42 3956.0
6 36 3314.0
16 87 2390.0
24 10 3232.0
89 13 2879.0
67 78 648.0
86 89 2310.0
6 72 2318.0
36 27 2936.0
20 71 1733.0
65 34 557.0
55 77 1881.0
45 3 2574.0
89 64 3713.0
26 33 1025.0
22 59 2507.0
60 84 2839.0
51 44 3702.0
49 55 2770.0
74 25 2895.0
37 52 2724.0
19 32 2975.0
49 65 582.0
9 67 1618.0
49 1 1137.0
16 79 2367.0
74 86 813.0
16 51 3009.0
94 72 3482.0
72 2 1995.0
90 95 138.0
85 30 2873.0
56 54 2583.0
18 37 1617.0
63 89 429.0
64 27 1548.0
28 58 168.0
6 28 3301.0
17 75 3392.0
32 22 502.0
9 28 437.0
60 98 1872.0
33 84 462.0
45 75 3384.0
9 61 381.0
19 50 531.0
62 91 956.0
50 98 3945.0
32 5 2342.0
12 63 1018.0
45 30 381.0
71 34 2471.0
28 88 863.0
93 74 494.0
100 72 2624.0
75 52 3758.0
6 14 1461.0
46 56 3491.0
40 95 3716.0
97 58 2248.0
97 28 1365.0
34 31 3710.0
65 97 1540.0
61 78 2194.0
27 70 1975.0
64 41 3219.0
41 94 1433.0
37 58 80.0
97 94 2359.0
80 95 2139.0
75 63 1291.0
59 95 1120.0
30 27 2936.0
8 45 2412.0
20 36 3654.0
49 72 3099.0
76 69 966.0
59 82 3129.0
100 85 868.0
89 38 3920.0
24 68 3881.0
18 75 3833.0
75 80 1004.0
32 76 3681.0
19 80 1964.0
80 66 3068.0
28 70 97.0
92 79 2999.0
60 73 1721.0
78 51 1794.0
65 9 75.0
57 54 1464.0
7 70 1824.0
7 73 2510.0
90 39 2997.0
99 36 3519.0
98 92 1292.0
87 48 2848.0
68 42 3729.0
8 71 3784.0
66 89 2382.0
93 20 3407.0
37 27 1002.0
88 36 3530.0
80 90 2609.0
14 51 502.0
100 51 1913.0
25 12 1034.0
46 64 3241.0
80 73 1842.0
31 13 3085.0
18 19 3738.0
50 6 2400.0
53 89 1582.0
3 53 2171.0
70 76 1015.0
26 53 2632.0
76 71 303.0
11 83 233.0
32 46 1237.0
92 76 2731.0
6 48 2526.0
39 3 433.0
52 59 1464.0
29 71 3431.0
96 75 2699.0
72 95 2484.0
43 99 546.0
80 83 3540.0
76 53 54.0
74 91 3080.0
60 63 2538.0
33 8 916.0
60 61 259.0
15 54 3300.0
36 60 2489.0
48 10 2330.0
87 5 3033.0
32 26 1339.0
7 43 139.0
81 46 1214.0
36 34 3449.0
2 69 2832.0
39 95 28.0
100 18 3550.0
29 82 1557.0
54 70 599.0
52 74 2794.0
89 70 3556.0
99 81 3174.0
92 83 2653.0
47 28 3405.0
72 61 3766.0
97 31 2291.0
81 73 1003.0
63 56 3122.0
17 11 1053.0
30 77 2174.0
9 23 2101.0
16 12 857.0
80 21 2238.0
44 33 3776.0
94 35 90.0
78 18 3420.0
42 83 2708.0
23 34 3669.0
27 83 2222.0
39 86 1832.0
44 74 655.0
54 52 160.0
87 56 66.0
73 98 1408.0
14 99 1936.0
44 84 681.0
40 89 2252.0
47 58 1856.0
85 12 441.0
84 95 1619.0
96 51 3529.0
5 35 1537.0
29 79 1383.0
60 92 2771.0
58 60 214.0
60 97 1281.0
79 12 2655.0
36 8 3788.0
17 15 3613.0
13 40 1995.0
15 76 2193.0
90 10 2741.0
39 2 113.0
73 70 1570.0
11 78 2973.0
68 46 627.0
64 92 3005.0
61 28 3000.0
30 57 791.0
70 50 1223.0
15 89 210.0
70 38 3187.0
10 68 3516.0
23 49 1853.0
84 28 284.0
84 10 1742.0
2 4 1863.0
70 92 2924.0
16 66 1650.0
74 16 1485.0
92 6 1011.0
18 33 500.0
37 9 1376.0
74 80 681.0
85 15 1476.0
51 22 267.0
95 9 2082.0
6 57 2820.0
36 84 476.0
91 22 3449.0
43 24 888.0
97 48 951.0
93 71 182.0
99 66 2711.0
40 30 1457.0
25 90 1647.0
74 97 3898.0
16 23 2535.0
29 40 2623.0
56 99 205.0
49 29 365.0
57 16 2102.0
10 7 750.0
81 97 2931.0
39 27 3157.0
20 65 2191.0
63 54 1931.0
17 9 1047.0
27 73 713.0
59 40 1023.0
88 91 563.0
35 2 3521.0
1 64 3067.0
78 45 496.0
84 40 200.0
86 93 3096.0
50 49 3542.0
39 47 2619.0
75 26 3261.0
2 42 1069.0
63 46 2187.0
59 69 609.0
43 59 1007.0
39 25 3626.0
26 98 2401.0
25 63 1678.0
14 36 1500.0
40 58 1016.0
80 32 1317.0
28 78 322.0
82 51 3639.0
94 59 387.0
89 52 502.0
29 95 1654.0
44 58 2868.0
52 85 1166.0
28 85 2663.0
75 6 2310.0
57 70 1104.0
92 30 2227.0
60 53 1076.0
3 72 3891.0
69 34 1725.0
44 86 198.0
26 83 1413.0
35 58 780.0
40 23 3881.0
83 13 214.0
73 4 416.0
88 80 2277.0
55 27 1586.0
34 25 1837.0
67 62 1421.0
88 3 358.0
94 9 752.0
14 57 587.0
22 46 3431.0
91 19 1137.0
82 53 3510.0
86 12 543.0
59 86 1190.0
23 79 1798.0
70 46 2216.0
64 34 2975.0
88 48 2365.0
70 98 3836.0
42 49 3857.0
60 86 198.0
21 64 566.0
30 99 1987.0
52 40 1825.0
72 36 40.0
33 90 1988.0
74 60 3315.0
99 98 541.0
26 44 2118.0
28 72 1659.0
6 20 364.0
3 68 91.0
66 28 3929.0
9 74 1447.0
74 76 791.0
60 39 2845.0
43 89 2394.0
88 11 1730.0
38 86 309.0
58 65 684.0
19 56 1221.0
78 97 537.0
4 12 2308.0
79 20 3180.0
33 24 330.0
78 76 3764.0
42 9 835.0
80 68 721.0
6 38 1883.0
67 53 2256.0
71 59 42.0
67 32 3871.0
30 37 898.0
34 54 130.0
92 18 1958.0
17 1 112.0
81 95 2174.0
62 12 106.0
51 36 19.0
19 90 390.0
56 75 2101.0
13 100 583.0
87 86 1294.0
73 52 3806.0
97 23 2457.0
24 96 607.0
35 77 1851.0
67 72 2755.0
66 70 1090.0
17 77 3830.0
19 4 152.0
30 58 3796.0
30 67 2821.0
7 94 1035.0
27 34 2227.0
88 30 650.0
23 51 972.0
36 24 1185.0
83 54 976.0
38 8 645.0
8 30 3267.0
89 55 3446.0
40 100 655.0
49 6 1330.0
3 10 2286.0
99 60 2313.0
89 34 1949.0
82 58 95.0
50 52 1660.0
79 75 443.0
12 46 1539.0
17 68 3676.0
65 87 2304.0
52 71 2570.0
45 79 2536.0
5 43 284.0
1 31 2816.0
39 34 1052.0
18 62 421.0
40 39 2343.0
63 98 2767.0
41 98 2851.0
14 31 810.0
52 18 759.0
80 81 3016.0
54 86 3306.0
39 58 3661.0
69 30 1891.0
56 74 2177.0
4 56 3826.0
37 22 246.0
26 89 3778.0
58 26 2799.0
97 47 525.0
65 23 1290.0
2 87 3069.0
67 11 3712.0
95 78 3700.0
77 36 337.0
67 48 3756.0
100 58 968.0
32 64 2194.0
81 93 1989.0
83 8 1632.0
64 93 769.0
99 28 22.0
79 36 1740.0
69 48 828.0
6 60 2018.0
82 97 2586.0
36 39 349.0
76 99 2333.0
14 58 33.0
60 85 1193.0
82 73 3584.0
76 11 1956.0
90 18 1161.0
1 89 2891.0
35 82 1011.0
50 95 3469.0
87 94 1749.0
13 42 3424.0
31 76 2830.0
62 76 3738.0
28 35 673.0
3 40 2712.0
53 5 2508.0
91 77 1172.0
8 16 793.0
18 86 3857.0
74 63 2185.0
44 79 2270.0
34 22 584.0
52 49 890.0
100 67 267.0
90 77 1464.0
88 72 3.0
86 20 2445.0
64 65 2254.0
96 26 3148.0
58 2 3337.0
83 69 854.0
98 17 2331.0
25 73 3456.0
97 7 1666.0
5 47 2760.0
75 94 2741.0
96 38 1140.0
30 17 1446.0
91 20 176.0
47 10 208.0
21 49 2399.0
88 26 1421.0
56 48 1830.0
99 4 2540.0
61 22 235.0
91 26 2139.0
69 86 2763.0
77 32 2347.0
93 8 2527.0
4 37 1632.0
59 100 123.0
5 50 326.0
93 13 1683.0
82 65 105.0
45 17 2114.0
62 73 3905.0
8 2 23.0
53 44 3538.0
76 56 3060.0
14 3 1874.0
76 90 491.0
83 63 124.0
73 39 1589.0
53 6 1264.0
47 8 962.0
89 60 293.0
33 100 1531.0
8 34 494.0
50 43 918.0
52 46 2008.0
46 1 179.0
49 31 2527.0
50 14 1026.0
15 22 694.0
51 55 3915.0
5 60 1735.0
76 10 1728.0
93 59 1210.0
63 19 2522.0
31 44 1798.0
12 27 1815.0
72 23 1828.0
50 84 244.0
27 85 3097.0
72 77 1461.0
34 98 3883.0
67 39 3531.0
92 94 3258.0
18 4 2585.0
65 16 1378.0
100 20 47.0
77 86 3320.0
73 14 398.0
95 24 3781.0
45 28 2370.0
61 31 2751.0
63 5 219.0
100 19 564.0
99 27 2206.0
44 45 2719.0
42 85 813.0
27 4 364.0
59 45 2675.0
84 71 1774.0
16 30 2008.0
72 63 2000.0
90 87 1276.0
96 47 644.0
62 77 775.0
12 75 2662.0
37 2 44.0
62 71 2911.0
87 81 418.0
25 91 2862.0
42 36 512.0
58 61 2198.0
79 96 2850.0
51 64 3205.0
53 16 1663.0
72 93 1518.0
65 14 2659.0
98 15 24.0
44 10 3521.0
69 37 1284.0
76 17 2617.0
56 64 3452.0
24 38 1297.0
43 32 646.0
17 79 2039.0
91 56 2490.0
78 74 3687.0
20 29 2631.0
18 56 1157.0
35 10 139.0
41 48 3656.0
10 60 1238.0
85 68 1025.0
9 91 1786.0
77 29 460.0
66 100 2205.0
3 43 2539.0
97 46 735.0
38 20 1925.0
54 23 3397.0
42 96 1232.0
7 37 3781.0
33 53 822.0
67 77 1514.0
49 12 1006.0
44 5 1867.0
92 59 1189.0
90 84 2633.0
18 73 1980.0
22 4 1855.0
64 86 3511.0
51 12 3267.0
29 63 3544.0
34 59 1216.0
53 20 782.0
81 59 64.0
8 54 2222.0
24 4 1306.0
5 74 2936.0
98 7 962.0
65 22 919.0
88 81 730.0
34 79 3534.0
17 8 2396.0
14 85 831.0
48 5 1151.0
59 2 3128.0
88 9 309.0
82 31 3012.0
78 44 3592.0
21 12 1081.0
24 5 3395.0
58 6 1838.0
43 23 847.0
50 87 3719.0
29 16 2499.0
95 51 1084.0
5 91 2163.0
28 26 201.0
16 88 3678.0
83 39 3426.0
46 96 3571.0
28 75 1557.0
17 36 3136.0
11 12 319.0
21 53 653.0
40 93 1862.0
12 8 748.0
28 34 1992.0
47 11 223.0
97 36 1317.0
17 13 1198.0
90 5 3320.0
21 11 1087.0
11 70 1532.0
36 87 192.0
17 42 1611.0
98 46 1941.0
14 13 3036.0
69 68 3619.0
84 2 1603.0
96 45 2209.0
40 75 3108.0
6 73 2780.0
31 56 527.0
9 72 3349.0
98 9 626.0
91 28 1342.0
59 51 1167.0
54 100 598.0
54 71 1598.0
56 83 3344.0
74 8 1706.0
79 61 3601.0
9 93 3734.0
53 42 301.0
15 56 3022.0
30 66 3634.0
48 96 3392.0
94 26 2403.0
39 75 950.0
74 4 2937.0
93 100 636.0
22 92 917.0
90 63 3450.0
34 1 3443.0
92 11 693.0
84 5 2266.0
25 57 3092.0
80 16 464.0
59 26 3915.0
32 45 1857.0
44 90 3737.0
19 57 2556.0
42 33 2185.0
71 60 2580.0
16 96 3625.0
32 61 3394.0
8 1 280.0
12 92 334.0
19 60 2489.0
20 64 3132.0
55 3 3341.0
17 48 3576.0
99 40 3079.0
64 44 463.0
68 8 1421.0
62 86 2823.0
74 68 1044.0
49 37 2480.0
5 86 1154.0
88 2 192.0
100 77 3751.0
50 26 2719.0
16 7 1239.0
74 50 2222.0
50 79 527.0
76 61 1786.0
80 36 366.0
26 54 3117.0
48 39 255.0
84 18 50.0
83 35 1452.0
51 37 3244.0
79 33 2427.0
21 100 1001.0
98 71 1629.0
28 7 1676.0
98 40 3462.0
30 83 2180.0
68 57 3090.0
19 58 3565.0
45 73 2501.0
95 36 2194.0
17 62 3156.0
81 72 2896.0
84 11 2126.0
7 18 2692.0
45 89 400.0
98 1 1059.0
70 21 201.0
4 34 2723.0
81 67 3064.0
84 13 3869.0
18 77 1568.0
29 21 1000.0
96 14 2890.0
74 77 310.0
50 83 73.0
60 27 3777.0
37 20 2399.0
32 68 1473.0
23 37 3302.0
97 93 3420.0
5 13 966.0
68 35 2183.0
64 62 705.0
52 29 2451.0
72 74 1985.0
12 55 2505.0
82 67 2988.0
14 24 2143.0
77 25 620.0
98 91 3926.0
33 37 2941.0
41 42 1300.0
37 92 1656.0
56 42 276.0
67 47 1778.0
92 21 713.0
41 89 3528.0
88 15 3836.0
66 91 1742.0
20 33 2369.0
42 14 2088.0
26 1 2942.0
1 4 1331.0
2 54 3912.0
31 87 603.0
64 87 199.0
29 18 3526.0
3 81 3600.0
60 65 2460.0
4 58 1397.0
44 68 3288.0
71 69 2478.0
56 85 2649.0
87 30 1407.0
78 57 2540.0
23 45 3042.0
44 28 2873.0
71 47 850.0
68 96 1852.0
67 85 1518.0
36 18 2691.0
55 71 1729.0
36 9 182.0
99 6 1687.0
96 36 1110.0
46 77 3255.0
27 38 1264.0
92 5 3580.0
56 81 788.0
74 23 2144.0
12 58 1611.0
42 60 2798.0
99 59 484.0
94 10 892.0
97 29 2798.0
57 98 1628.0
6 7 3753.0
44 69 2139.0
17 97 1631.0
19 14 2069.0
35 98 3729.0
45 71 2439.0
30 34 2478.0
44 27 1283.0
94 40 1331.0
81 17 3283.0
21 56 3335.0
64 52 3832.0
51 24 3458.0
3 29 3617.0
80 26 1206.0
16 99 2224.0
77 37 3136.0
44 29 28.0
6 65 3702.0
71 51 1143.0
54 76 277.0
28 86 2739.0
44 73 884.0
1 28 3148.0
75 22 1382.0
68 76 1072.0
39 100 20.0
88 86 385.0
85 29 3158.0
58 76 2121.0
57 97 263.0
72 43 2201.0
39 65 3545.0
8 22 467.0
68 89 2380.0
57 58 809.0
1 24 3522.0
42 21 3742.0
58 85 311.0
3 93 383.0
80 47 3374.0
44 2 1892.0
91 95 985.0
69 63 727.0
60 75 3519.0
55 99 2335.0
20 89 3690.0
81 30 2771.0
35 34 1541.0
17 22 1960.0
68 73 1317.0
38 1 2965.0
2 51 1484.0
35 59 2983.0
81 6 303.0
47 84 1597.0
9 60 2579.0
61 51 3830.0
79 91 645.0
68 4 364.0
22 30 1851.0
50 23 17.0
61 88 3474.0
40 19 491.0
30 20 2795.0
62 23 3840.0
86 72 1000.0
19 2 2306.0
10 6 3606.0
19 55 1012.0
75 35 3134.0
41 39 2166.0
29 31 1345.0
32 86 2102.0
98 31 2606.0
5 15 3257.0
40 12 1412.0
25 97 486.0
76 72 2350.0
85 32 1233.0
26 46 1517.0
75 37 1030.0
6 96 1827.0
16 49 1482.0
49 86 786.0
31 3 3932.0
69 42 2059.0
55 79 1361.0
35 79 3150.0
33 61 1626.0
67 74 2353.0
