*Vertices 100
1 "8954"
2 "8903"
3 "8995"
4 "8934"
5 "8984"
6 "8989"
7 "8909"
8 "8996"
9 "8986"
10 "8902"
11 "8969"
12 "8917"
13 "8987"
14 "8935"
15 "8913"
16 "8983"
17 "8998"
18 "8965"
19 "8922"
20 "8992"
21 "8993"
22 "8940"
23 "8931"
24 "8901"
25 "8908"
26 "8933"
27 "8962"
28 "8963"
29 "8977"
30 "8975"
31 "8927"
32 "8985"
33 "8910"
34 "8968"
35 "8948"
36 "8928"
37 "8915"
38 "8980"
39 "8950"
40 "8942"
41 "8978"
42 "8967"
43 "8921"
44 "8958"
45 "8959"
46 "8944"
47 "8918"
48 "8956"
49 "8982"
50 "8976"
51 "8971"
52 "9000"
53 "8938"
54 "8907"
55 "8981"
56 "8974"
57 "8966"
58 "8932"
59 "8991"
60 "8911"
61 "8937"
62 "8920"
63 "8945"
64 "8949"
65 "8912"
66 "8925"
67 "8953"
68 "8906"
69 "8924"
70 "8943"
71 "8997"
72 "8926"
73 "8955"
74 "8999"
75 "8964"
76 "8914"
77 "8957"
78 "8904"
79 "8988"
80 "8905"
81 "8930"
82 "8916"
83 "8929"
84 "8946"
85 "8947"
86 "8994"
87 "8919"
88 "8972"
89 "8960"
90 "8939"
91 "8936"
92 "8951"
93 "8970"
94 "8979"
95 "8973"
96 "8923"
97 "8961"
98 "8952"
99 "8941"
100 "8990"
*Edges
1 68 1169.0
70 13 2257.0
67 75 217.0
4 95 1888.0
75 55 772.0
96 44 572.0
59 74 1867.0
93 81 120.0
11 97 961.0
27 29 1013.0
98 34 2381.0
98 4 125.0
6 99 896.0
41 67 2463.0
78 32 2184.0
89 15 1138.0
73 95 144.0
29 51 1922.0
11 99 276.0
65 73 2136.0
38 88 546.0
65 13 2377.0
39 10 623.0
63 37 1952.0
41 60 2429.0
35 57 2421.0
88 67 1420.0
2 77 659.0
5 1 1794.0
15 76 689.0
85 65 661.0
10 43 142.0
54 88 1709.0
64 59 1799.0
65 79 1832.0
76 44 994.0
63 8 1979.0
23 86 1226.0
9 37 1181.0
20 60 1128.0
47 71 954.0
88 12 436.0
88 84 701.0
84 67 2415.0
86 36 1665.0
62 89 1650.0
88 45 1999.0
14 87 2350.0
39 59 452.0
73 19 683.0
49 42 1194.0
60 6 2277.0
82 26 146.0
78 91 177.0
52 19 766.0
85 82 2407.0
88 92 1325.0
20 99 1553.0
35 47 2320.0
98 11 580.0
67 40 75.0
82 81 2456.0
1 73 1705.0
67 70 1854.0
74 61 763.0
70 84 1714.0
66 86 371.0
100 52 2149.0
62 1 2034.0
52 28 1082.0
74 1 1451.0
92 13 2246.0
21 17 265.0
9 75 1488.0
97 52 2216.0
65 29 1195.0
45 21 1585.0
45 70 2153.0
83 23 422.0
24 59 620.0
49 32 1471.0
8 28 773.0
94 93 1780.0
45 24 2376.0
57 53 1383.0
7 38 1605.0
86 22 1583.0
33 12 165.0
53 27 992.0
21 3 1038.0
82 20 784.0
35 23 967.0
5 12 36.0
66 57 624.0
85 64 733.0
47 55 1905.0
73 14 1439.0
25 23 1369.0
32 46 392.0
2 87 1225.0
81 94 1323.0
32 20 1923.0
29 13 979.0
29 70 1967.0
14 6 2304.0
35 68 1578.0
89 97 1841.0
23 54 227.0
54 29 1874.0
15 28 487.0
90 66 1631.0
65 69 354.0
61 54 2055.0
25 60 1088.0
92 43 1794.0
37 55 1237.0
71 89 421.0
24 71 1655.0
11 93 831.0
18 47 1134.0
23 30 2460.0
68 63 1038.0
100 11 2102.0
96 69 2355.0
69 83 1168.0
62 29 2253.0
95 25 2002.0
63 64 70.0
74 60 898.0
86 100 1783.0
33 85 1344.0
44 83 342.0
77 76 1238.0
31 56 1793.0
66 58 128.0
27 20 922.0
77 23 593.0
31 18 1948.0
98 14 413.0
44 59 1695.0
22 62 1138.0
6 75 1593.0
80 57 1538.0
90 25 1869.0
34 53 1639.0
4 73 766.0
36 87 1620.0
70 51 2097.0
24 64 692.0
20 83 942.0
34 57 1766.0
74 25 11.0
23 2 2181.0
35 72 151.0
98 5 1201.0
40 100 1022.0
100 36 1207.0
22 40 1187.0
45 67 1634.0
42 48 1844.0
69 51 1498.0
10 44 1641.0
63 47 802.0
38 91 984.0
2 80 390.0
23 64 878.0
21 85 256.0
89 83 161.0
21 43 1836.0
5 94 161.0
69 87 2195.0
26 8 1180.0
4 20 1717.0
29 25 1714.0
24 63 502.0
55 69 985.0
39 66 2418.0
9 14 2283.0
97 2 850.0
5 90 1312.0
86 19 1294.0
61 2 597.0
52 17 469.0
71 81 1038.0
45 11 882.0
2 51 670.0
67 55 1372.0
42 92 2018.0
55 94 2414.0
35 29 101.0
68 54 1243.0
28 59 2311.0
54 53 2180.0
28 65 2073.0
13 78 698.0
32 52 34.0
99 40 790.0
5 58 2175.0
63 50 1438.0
99 88 1943.0
51 58 1775.0
8 41 870.0
69 12 1244.0
89 47 2387.0
16 43 1917.0
3 25 286.0
79 98 1164.0
82 13 1982.0
40 47 481.0
64 84 2416.0
31 68 781.0
43 23 459.0
94 20 939.0
78 9 1760.0
29 81 404.0
95 75 2180.0
70 54 488.0
14 13 1071.0
69 68 529.0
21 90 1717.0
25 30 2442.0
40 64 1481.0
28 2 404.0
78 63 176.0
73 51 1924.0
30 49 1690.0
99 7 1557.0
31 89 2050.0
56 20 852.0
55 35 485.0
61 85 1973.0
16 87 198.0
76 61 2167.0
57 19 554.0
100 98 51.0
54 1 2000.0
1 57 1160.0
97 94 1413.0
39 78 1955.0
39 71 1625.0
75 15 725.0
79 72 124.0
94 90 579.0
39 94 901.0
25 36 2288.0
73 22 1787.0
22 69 1346.0
24 53 985.0
23 78 2176.0
19 26 2166.0
9 35 2433.0
6 62 1020.0
28 63 1933.0
51 55 173.0
50 6 2331.0
66 72 2007.0
33 20 345.0
85 32 236.0
87 72 315.0
44 73 149.0
59 89 2471.0
87 17 2009.0
30 4 1472.0
61 39 2364.0
66 71 1424.0
38 23 108.0
49 92 2158.0
66 37 2398.0
73 54 1134.0
42 87 474.0
9 100 1798.0
34 88 427.0
40 90 1977.0
10 91 1062.0
23 28 2461.0
66 52 2441.0
55 56 1044.0
95 39 1203.0
24 33 1354.0
69 36 2148.0
19 41 1731.0
44 45 1795.0
60 28 978.0
2 40 781.0
42 30 877.0
52 90 1910.0
14 62 2321.0
63 69 891.0
92 86 2023.0
6 36 2128.0
25 87 91.0
26 14 797.0
41 65 328.0
83 55 2.0
87 45 1964.0
23 58 444.0
25 21 2258.0
77 57 1993.0
65 15 1844.0
46 39 1184.0
57 20 402.0
73 86 2228.0
49 46 1896.0
67 10 481.0
60 62 2367.0
58 54 88.0
82 18 949.0
1 31 2224.0
42 44 2222.0
60 76 2205.0
92 77 1359.0
16 26 1013.0
17 19 1629.0
6 1 2312.0
36 88 1585.0
48 27 1465.0
27 85 1399.0
18 42 597.0
7 51 2303.0
44 16 379.0
8 71 293.0
89 95 1005.0
17 92 1622.0
59 19 261.0
18 2 692.0
13 73 2158.0
40 31 2131.0
100 31 670.0
92 54 325.0
64 39 502.0
64 76 352.0
84 94 1404.0
95 77 570.0
97 27 1174.0
31 70 2017.0
76 89 538.0
80 27 276.0
49 51 1499.0
25 68 1838.0
17 49 2072.0
45 80 276.0
16 72 1189.0
1 92 959.0
58 26 593.0
69 1 15.0
81 23 1935.0
93 59 2133.0
60 86 761.0
1 83 1509.0
1 34 2301.0
40 77 8.0
97 17 2438.0
34 26 59.0
95 53 2344.0
96 17 1633.0
98 45 41.0
75 19 482.0
15 80 1981.0
91 62 2380.0
83 96 969.0
61 9 679.0
22 39 1937.0
44 9 955.0
94 88 2396.0
34 11 1672.0
74 55 1062.0
87 66 2203.0
8 83 1529.0
1 82 1633.0
47 97 298.0
35 13 2272.0
37 50 1911.0
96 70 478.0
28 57 1036.0
75 63 221.0
28 89 1046.0
49 11 2208.0
2 19 294.0
7 97 1671.0
46 98 1087.0
93 76 910.0
20 71 1151.0
45 15 2432.0
36 89 1035.0
18 87 1240.0
58 73 1707.0
60 46 914.0
6 71 593.0
12 68 1697.0
69 17 926.0
3 84 1901.0
26 68 963.0
67 76 283.0
68 96 767.0
81 28 1824.0
87 62 663.0
26 48 1861.0
75 89 292.0
76 50 577.0
5 68 2379.0
8 93 339.0
3 16 49.0
92 44 768.0
83 31 1254.0
3 93 1004.0
81 96 1203.0
71 48 1216.0
71 45 2378.0
35 1 1760.0
30 94 2428.0
96 93 670.0
100 68 861.0
21 83 1564.0
99 36 299.0
44 57 795.0
46 63 409.0
16 50 724.0
6 33 1642.0
29 79 2111.0
75 84 1676.0
48 39 2279.0
44 34 487.0
51 68 1017.0
65 92 1155.0
4 62 2008.0
87 86 2235.0
63 31 229.0
34 56 1239.0
96 43 553.0
65 43 1230.0
69 80 524.0
71 61 568.0
22 12 2192.0
8 66 1576.0
1 32 2221.0
52 3 2189.0
2 78 1532.0
18 10 1905.0
31 57 461.0
65 52 419.0
92 81 872.0
32 53 442.0
50 62 2268.0
73 53 1338.0
17 82 206.0
39 54 776.0
28 20 267.0
94 27 2147.0
75 42 1864.0
37 13 1462.0
44 56 1715.0
82 76 2075.0
27 63 158.0
76 65 2101.0
56 30 742.0
68 82 1400.0
39 20 1008.0
9 49 2314.0
92 46 778.0
99 3 1541.0
7 13 432.0
72 95 466.0
22 57 1197.0
95 60 1668.0
85 14 2071.0
43 54 719.0
25 9 1760.0
35 89 1126.0
66 20 129.0
18 30 2302.0
68 3 1758.0
100 67 1306.0
75 65 1297.0
22 88 383.0
58 16 1139.0
19 21 133.0
65 16 2006.0
49 93 1672.0
20 1 367.0
66 36 1358.0
12 16 836.0
52 29 787.0
20 13 2435.0
12 96 512.0
93 17 571.0
75 58 1435.0
23 96 2229.0
70 99 187.0
31 91 690.0
19 61 1117.0
36 8 80.0
66 41 320.0
85 24 1110.0
60 91 2039.0
56 85 1861.0
50 15 299.0
13 57 989.0
86 70 766.0
24 47 702.0
89 27 2322.0
22 99 197.0
48 18 1598.0
100 50 232.0
23 6 1747.0
17 45 1478.0
83 78 2391.0
78 85 262.0
20 10 596.0
47 20 1385.0
84 9 1456.0
79 56 397.0
100 49 1397.0
8 42 1249.0
68 58 1576.0
3 69 2051.0
74 72 1282.0
7 62 311.0
91 29 24.0
13 97 117.0
30 32 732.0
92 15 613.0
75 7 915.0
58 64 374.0
77 66 1709.0
55 45 2375.0
36 92 2078.0
85 26 981.0
86 88 986.0
15 74 2434.0
55 14 1834.0
83 92 1279.0
15 36 937.0
14 63 1451.0
74 37 1650.0
51 97 1087.0
5 28 293.0
77 49 531.0
98 37 888.0
27 13 514.0
56 1 1269.0
78 3 1912.0
85 50 2435.0
24 67 1458.0
44 58 1086.0
26 55 473.0
68 46 282.0
70 80 2161.0
3 17 2237.0
57 96 875.0
11 14 394.0
61 77 2466.0
8 5 1837.0
6 45 250.0
63 13 868.0
34 68 458.0
88 10 603.0
57 39 1902.0
48 96 1853.0
84 82 138.0
22 58 932.0
8 85 1772.0
49 1 294.0
30 35 2171.0
4 14 1039.0
44 12 2215.0
27 65 2398.0
98 96 939.0
32 9 830.0
70 83 131.0
79 50 1716.0
36 48 1076.0
92 80 1581.0
47 48 1006.0
13 67 2420.0
97 39 655.0
14 99 2462.0
76 8 29.0
31 21 1419.0
29 41 2312.0
69 37 991.0
48 49 2048.0
12 81 1137.0
22 37 607.0
10 79 2011.0
61 31 1056.0
30 22 425.0
82 2 1835.0
92 7 585.0
42 80 251.0
48 15 768.0
72 98 1201.0
42 37 1807.0
41 69 1296.0
19 14 753.0
81 72 1859.0
50 91 1707.0
27 87 1006.0
12 47 309.0
40 65 394.0
64 25 2161.0
50 29 1266.0
26 51 2296.0
84 17 1382.0
15 64 1181.0
90 95 1181.0
82 61 69.0
65 12 19.0
76 29 807.0
53 23 2052.0
4 34 1498.0
95 51 1708.0
40 86 1950.0
81 13 1589.0
2 53 799.0
67 53 217.0
44 13 2007.0
29 11 2121.0
24 90 1447.0
59 92 751.0
93 37 1370.0
2 12 336.0
79 55 1302.0
77 30 1860.0
65 87 689.0
44 27 1378.0
63 85 1358.0
39 60 1395.0
42 51 476.0
44 99 748.0
71 83 210.0
76 92 2386.0
23 41 2122.0
55 98 286.0
6 34 1885.0
80 66 1993.0
90 10 2022.0
8 40 982.0
84 80 706.0
44 90 1199.0
83 46 504.0
77 56 2034.0
15 16 2032.0
3 10 1901.0
42 13 1161.0
100 66 24.0
74 56 754.0
30 92 1201.0
5 22 2107.0
28 94 2317.0
51 85 498.0
64 36 2266.0
59 9 594.0
92 34 2121.0
9 52 2404.0
83 10 1710.0
43 37 1762.0
5 63 1537.0
94 61 104.0
84 58 2347.0
31 24 1867.0
49 43 683.0
17 38 1117.0
38 62 667.0
62 49 2397.0
45 2 1494.0
46 8 907.0
17 74 1649.0
77 54 2442.0
6 100 1489.0
11 44 945.0
20 62 1686.0
49 91 1303.0
71 2 1958.0
40 78 1597.0
9 21 917.0
97 29 1708.0
88 64 2229.0
54 3 1336.0
15 39 1652.0
5 6 2204.0
66 82 180.0
43 76 2215.0
1 72 2167.0
11 8 1361.0
54 57 558.0
52 4 1743.0
55 61 1780.0
77 26 1600.0
34 22 854.0
75 33 754.0
68 71 1532.0
8 19 1558.0
71 65 2436.0
34 20 455.0
70 73 829.0
83 81 975.0
65 97 366.0
2 13 2230.0
98 26 1306.0
7 49 817.0
62 80 949.0
15 1 1948.0
31 71 1067.0
82 47 552.0
76 6 511.0
65 83 259.0
5 13 2404.0
89 87 1469.0
55 7 661.0
20 21 1785.0
52 68 320.0
54 40 124.0
6 9 554.0
51 10 1886.0
17 91 2342.0
50 70 921.0
93 58 1101.0
15 38 2060.0
29 66 1869.0
67 95 1606.0
63 52 1555.0
48 34 1308.0
84 91 2075.0
24 78 198.0
34 18 585.0
76 71 709.0
60 50 903.0
92 66 959.0
9 3 1869.0
67 54 1227.0
95 28 358.0
37 97 1702.0
57 100 969.0
82 14 493.0
15 30 1350.0
58 92 2063.0
44 79 2029.0
25 7 1039.0
65 47 618.0
73 55 734.0
90 29 2271.0
60 43 2437.0
47 53 1284.0
74 52 526.0
94 15 2474.0
9 13 2005.0
45 83 2287.0
10 11 206.0
92 52 88.0
33 79 613.0
54 25 743.0
100 60 1390.0
44 48 1688.0
92 75 2304.0
4 60 1849.0
91 5 1022.0
41 99 1210.0
81 68 2155.0
36 91 2422.0
14 76 116.0
3 44 1732.0
27 28 1087.0
75 59 2177.0
55 86 1713.0
1 45 554.0
75 17 1727.0
27 1 1398.0
7 17 159.0
46 25 224.0
38 42 1318.0
93 51 138.0
43 11 1992.0
17 13 443.0
63 90 868.0
69 81 411.0
37 82 1383.0
76 98 487.0
19 96 892.0
77 44 1480.0
36 70 1437.0
36 30 1252.0
19 70 1797.0
96 73 10.0
13 19 427.0
56 49 301.0
20 52 920.0
19 16 2249.0
72 17 526.0
87 30 335.0
1 40 1655.0
76 34 1279.0
13 59 295.0
29 10 206.0
11 3 2322.0
18 16 2416.0
2 67 101.0
40 25 1883.0
80 73 1754.0
91 56 164.0
68 92 2306.0
59 21 686.0
82 45 1179.0
4 3 1040.0
74 40 1143.0
37 32 1845.0
17 61 151.0
43 68 1310.0
14 23 2184.0
89 46 234.0
43 74 376.0
21 30 647.0
31 7 1038.0
75 82 1135.0
41 52 1274.0
90 48 1970.0
74 82 1113.0
23 65 2393.0
16 67 777.0
61 47 755.0
53 91 655.0
54 42 881.0
51 30 1332.0
36 83 59.0
30 50 1536.0
77 45 1757.0
77 100 1292.0
61 4 1094.0
80 8 1177.0
100 12 1857.0
15 81 1145.0
55 87 707.0
76 80 48.0
70 92 713.0
75 52 1706.0
63 71 1026.0
26 13 590.0
37 78 1638.0
86 61 1871.0
59 23 1096.0
34 54 640.0
25 65 1099.0
68 70 1993.0
92 100 941.0
58 99 723.0
44 54 2230.0
29 37 741.0
7 36 2125.0
38 2 1493.0
59 76 227.0
75 85 1078.0
30 47 349.0
51 99 1614.0
81 21 2117.0
36 98 719.0
45 27 203.0
7 22 2431.0
51 27 1811.0
54 60 70.0
75 90 1939.0
59 3 1719.0
93 53 2160.0
28 97 1051.0
80 23 123.0
24 91 832.0
33 63 1245.0
2 14 2319.0
33 92 743.0
13 3 214.0
65 5 220.0
10 76 491.0
6 19 1681.0
98 31 1461.0
97 48 1161.0
94 44 1148.0
94 80 2315.0
82 7 1515.0
69 27 720.0
28 6 1230.0
64 48 44.0
46 33 2059.0
89 41 5.0
36 3 383.0
20 48 559.0
23 60 2042.0
2 16 1528.0
80 68 47.0
84 73 1044.0
12 26 1792.0
75 56 802.0
12 72 1050.0
9 88 2359.0
7 3 354.0
97 24 309.0
27 26 550.0
36 1 2066.0
100 19 2402.0
13 21 2234.0
47 92 287.0
66 42 1849.0
28 75 2014.0
55 49 9.0
54 5 1045.0
98 21 593.0
5 29 2351.0
13 94 56.0
93 61 1298.0
20 35 738.0
53 42 2364.0
88 62 1923.0
90 83 1431.0
62 51 1983.0
77 84 1693.0
70 79 947.0
91 35 2182.0
82 78 902.0
10 21 2084.0
60 88 520.0
63 62 121.0
96 13 1467.0
88 76 1570.0
54 32 638.0
38 22 827.0
60 94 1963.0
7 78 2141.0
39 53 2444.0
11 53 2155.0
66 40 2307.0
66 1 1261.0
60 75 740.0
7 23 1498.0
62 94 1150.0
19 35 1642.0
32 29 671.0
36 71 1450.0
38 30 1952.0
50 7 1585.0
49 13 1245.0
10 54 635.0
94 48 2328.0
83 37 1819.0
59 58 2281.0
59 52 399.0
40 70 1513.0
23 50 2232.0
29 98 2329.0
10 85 1141.0
52 88 803.0
7 56 1945.0
53 80 7.0
30 13 899.0
40 38 1195.0
4 91 2283.0
66 67 1323.0
40 83 2284.0
5 4 2264.0
16 55 1243.0
100 59 1313.0
97 86 182.0
95 23 2300.0
36 40 259.0
37 10 198.0
62 30 804.0
43 2 371.0
99 13 1915.0
81 45 641.0
3 81 2212.0
97 21 460.0
78 33 2402.0
52 8 2430.0
100 46 172.0
58 48 886.0
38 66 2381.0
29 100 1261.0
14 70 142.0
27 67 2281.0
29 58 1870.0
93 57 841.0
3 67 1858.0
10 6 2023.0
22 74 771.0
22 89 1638.0
47 64 1408.0
83 74 293.0
70 48 582.0
83 54 1394.0
21 55 405.0
41 25 1546.0
13 25 2446.0
57 89 2368.0
92 79 509.0
42 78 97.0
36 94 1192.0
25 80 1038.0
7 59 106.0
95 64 978.0
19 50 1648.0
81 63 1952.0
5 72 1919.0
99 10 887.0
31 93 1777.0
45 22 2074.0
61 44 98.0
22 20 767.0
29 86 1222.0
82 48 1391.0
43 88 1760.0
34 17 1541.0
15 69 1653.0
71 35 1136.0
68 8 1927.0
28 84 2114.0
6 12 2193.0
32 10 1294.0
44 17 211.0
37 14 933.0
99 19 1290.0
56 58 1386.0
33 60 2418.0
53 10 228.0
34 99 1462.0
47 10 1963.0
13 31 905.0
41 20 479.0
97 41 2139.0
57 2 904.0
46 90 1285.0
79 27 1142.0
78 43 1500.0
19 45 1818.0
53 17 154.0
47 100 672.0
35 2 40.0
80 11 1901.0
17 10 79.0
57 74 1551.0
62 16 676.0
72 62 778.0
56 40 106.0
30 85 1197.0
8 62 494.0
65 37 2256.0
1 90 806.0
73 43 1972.0
25 2 2086.0
79 84 1881.0
22 56 1901.0
21 46 360.0
16 90 991.0
9 8 1299.0
59 43 413.0
9 12 1707.0
74 23 2007.0
88 11 1915.0
29 64 266.0
14 27 1863.0
54 8 498.0
80 65 1757.0
99 66 713.0
26 81 1810.0
46 51 1.0
94 73 1717.0
99 42 1622.0
80 32 586.0
26 11 1509.0
66 55 571.0
86 25 1805.0
82 53 1146.0
26 20 1738.0
65 11 1607.0
27 36 280.0
54 27 1662.0
59 77 1214.0
2 98 827.0
45 37 1096.0
35 3 437.0
67 1 1501.0
53 5 1069.0
69 18 1647.0
1 42 571.0
95 2 778.0
68 18 608.0
77 36 39.0
89 82 802.0
58 11 1078.0
78 31 294.0
24 81 2285.0
46 5 1140.0
48 85 1638.0
58 95 863.0
32 16 909.0
49 24 277.0
34 64 1243.0
62 90 437.0
20 68 2457.0
90 12 1590.0
66 89 1937.0
18 46 1315.0
28 44 1634.0
55 48 2056.0
47 44 1126.0
86 65 998.0
46 71 997.0
65 44 474.0
23 40 57.0
76 11 797.0
59 6 576.0
30 69 730.0
10 84 133.0
63 84 1.0
86 76 914.0
58 46 1275.0
80 95 1984.0
30 81 1292.0
4 40 1489.0
13 89 1348.0
90 32 391.0
85 9 679.0
51 50 2193.0
88 93 2290.0
95 92 2186.0
62 68 20.0
44 52 2078.0
45 97 2377.0
35 56 776.0
98 9 962.0
75 93 814.0
79 35 2131.0
28 47 607.0
95 79 1073.0
62 79 694.0
53 12 146.0
41 74 419.0
99 59 1426.0
7 88 53.0
25 19 1259.0
60 97 974.0
57 91 1634.0
86 54 521.0
83 42 1874.0
11 66 606.0
4 19 128.0
41 30 1066.0
39 92 1757.0
75 78 1994.0
33 4 409.0
35 37 1031.0
85 4 2085.0
74 20 2464.0
95 20 2195.0
38 59 906.0
99 90 1479.0
84 43 1782.0
94 64 256.0
91 70 1191.0
96 77 471.0
82 39 91.0
38 8 346.0
5 9 1618.0
16 28 1031.0
39 4 1149.0
66 75 711.0
91 94 1549.0
70 46 439.0
22 10 2147.0
34 83 1509.0
5 47 1237.0
78 81 2078.0
70 100 443.0
27 55 2298.0
63 65 1495.0
35 12 525.0
67 47 710.0
3 95 724.0
89 23 1965.0
35 70 553.0
62 84 1070.0
39 69 764.0
14 72 347.0
46 94 1311.0
90 22 1880.0
95 43 2445.0
48 88 1931.0
44 46 1654.0
7 85 1743.0
19 42 553.0
43 58 1152.0
66 98 61.0
23 82 1297.0
100 42 225.0
64 12 737.0
38 83 2095.0
39 16 438.0
87 11 799.0
45 32 1320.0
42 2 1448.0
77 93 632.0
19 92 2293.0
73 62 2360.0
69 60 188.0
39 3 95.0
76 75 866.0
67 73 1868.0
67 97 1077.0
4 21 1318.0
30 84 2420.0
73 91 650.0
95 59 181.0
55 22 1201.0
2 11 1622.0
58 10 1187.0
6 20 11.0
26 60 877.0
82 10 2349.0
7 68 150.0
57 47 1048.0
85 44 825.0
48 87 1772.0
21 1 1862.0
55 91 1418.0
2 27 470.0
31 34 1832.0
27 74 1947.0
18 97 1071.0
83 93 1981.0
69 95 352.0
8 70 1080.0
1 43 2070.0
42 5 658.0
85 81 1946.0
52 43 1433.0
40 19 1321.0
74 18 1772.0
5 80 1933.0
55 80 643.0
76 47 1546.0
5 86 274.0
59 42 1435.0
91 6 1467.0
88 75 1083.0
72 97 942.0
40 93 1937.0
30 3 713.0
40 71 592.0
88 41 241.0
71 41 194.0
21 47 776.0
56 5 900.0
93 42 659.0
91 39 1100.0
65 32 2254.0
41 63 625.0
65 31 127.0
32 74 1840.0
63 25 233.0
5 26 1642.0
58 15 457.0
84 81 1329.0
63 30 605.0
67 71 1596.0
39 84 1993.0
91 51 790.0
70 55 330.0
29 34 439.0
74 95 1880.0
6 57 1545.0
30 43 1813.0
74 36 1937.0
6 52 1554.0
38 55 2118.0
18 79 1384.0
59 20 1487.0
91 2 1291.0
88 95 1582.0
19 97 51.0
23 46 2108.0
17 33 152.0
80 93 359.0
47 27 497.0
9 70 328.0
53 49 1642.0
100 3 884.0
57 52 1065.0
42 45 968.0
57 7 1945.0
20 90 1623.0
20 9 1459.0
64 79 2355.0
28 67 821.0
62 43 449.0
26 40 2373.0
12 52 488.0
78 76 1044.0
96 52 867.0
83 80 1928.0
20 19 948.0
87 88 43.0
43 97 591.0
13 46 1554.0
28 86 2189.0
31 45 12.0
42 60 1354.0
87 54 156.0
24 34 2132.0
4 35 2198.0
12 41 1123.0
46 59 182.0
61 41 109.0
44 33 1083.0
80 82 376.0
70 2 864.0
27 8 42.0
60 11 209.0
99 89 247.0
54 95 2434.0
87 8 1085.0
60 65 173.0
78 44 97.0
76 31 646.0
8 92 1155.0
10 7 74.0
90 17 1615.0
77 80 36.0
7 6 2269.0
77 10 1628.0
60 73 1799.0
60 38 1370.0
16 17 1933.0
23 3 2413.0
39 51 1386.0
16 51 892.0
8 44 21.0
74 24 816.0
41 92 1967.0
14 34 1816.0
100 73 1980.0
15 84 1493.0
71 34 1356.0
13 85 264.0
61 21 1091.0
47 79 1801.0
56 10 188.0
27 39 1677.0
97 64 2313.0
80 50 591.0
48 100 1325.0
65 14 1729.0
93 18 592.0
16 57 1563.0
79 5 1488.0
85 43 2054.0
93 66 1200.0
93 38 1300.0
76 55 320.0
23 11 1772.0
13 16 675.0
66 45 805.0
34 69 1085.0
7 16 2193.0
18 99 1194.0
63 17 559.0
17 20 1110.0
90 68 420.0
63 1 712.0
81 91 1361.0
36 49 2072.0
81 70 1484.0
83 14 1746.0
11 59 499.0
97 53 335.0
70 23 1268.0
44 43 2072.0
78 1 770.0
91 59 2195.0
56 25 2094.0
13 15 2055.0
1 75 1040.0
69 2 42.0
7 67 1242.0
76 84 1543.0
1 96 1317.0
70 53 2220.0
93 84 77.0
8 51 1233.0
26 83 667.0
98 25 1123.0
37 4 1388.0
21 23 2259.0
86 82 1637.0
59 27 1384.0
84 36 1028.0
58 88 627.0
79 19 1543.0
49 87 2118.0
89 37 1791.0
83 79 986.0
70 97 1971.0
75 98 1836.0
5 85 554.0
71 78 1778.0
42 15 2155.0
15 55 1523.0
5 76 2199.0
33 97 1196.0
39 96 403.0
81 64 1643.0
31 51 110.0
89 39 1388.0
34 10 382.0
78 20 1012.0
91 12 867.0
100 54 1881.0
91 75 1190.0
93 28 2217.0
41 18 1019.0
71 15 716.0
78 97 1168.0
15 56 2070.0
82 65 424.0
36 80 1282.0
21 89 520.0
55 59 926.0
78 25 2028.0
91 1 2181.0
14 31 517.0
27 88 587.0
25 100 938.0
95 56 718.0
72 73 955.0
89 34 1601.0
58 91 1851.0
36 75 2315.0
29 22 2168.0
4 83 2013.0
1 28 1503.0
85 35 300.0
90 67 1946.0
24 75 1564.0
41 3 1672.0
10 19 1264.0
46 34 1700.0
4 15 2047.0
38 24 345.0
74 44 2396.0
12 66 2042.0
86 13 1489.0
33 2 1350.0
63 48 872.0
90 87 1985.0
86 4 383.0
69 31 603.0
95 5 1635.0
66 49 1446.0
96 27 1435.0
85 19 756.0
88 3 724.0
17 76 1231.0
26 76 1138.0
86 75 2348.0
22 4 256.0
53 68 2079.0
15 33 819.0
46 61 578.0
20 79 967.0
69 59 1675.0
69 93 893.0
84 61 150.0
98 68 587.0
65 19 1226.0
11 75 2092.0
15 67 1730.0
10 2 2123.0
91 96 420.0
80 46 1185.0
90 93 2299.0
29 78 142.0
60 93 1114.0
15 72 2200.0
80 61 302.0
4 69 1796.0
49 31 2209.0
52 95 2040.0
14 46 1141.0
76 57 1662.0
8 18 378.0
99 81 951.0
63 20 2343.0
18 4 2305.0
45 36 153.0
11 67 1575.0
38 73 1593.0
18 13 2314.0
6 67 2083.0
1 19 1419.0
56 83 293.0
42 68 406.0
69 75 1346.0
4 57 1031.0
67 69 140.0
61 53 867.0
88 33 2068.0
31 16 693.0
83 47 1129.0
87 39 2286.0
11 96 1783.0
51 74 2248.0
72 92 2315.0
39 55 1519.0
80 89 1673.0
59 10 1287.0
16 94 2003.0
46 10 2020.0
24 99 2285.0
90 65 657.0
56 93 243.0
95 45 1744.0
93 65 2201.0
66 18 486.0
24 60 1691.0
94 19 1715.0
24 51 1079.0
98 83 1828.0
49 59 1382.0
77 28 45.0
47 13 1876.0
16 33 1153.0
72 31 523.0
72 44 1860.0
49 83 2371.0
90 59 717.0
100 99 1203.0
70 32 1453.0
24 15 1060.0
84 27 1406.0
96 5 2208.0
60 5 437.0
87 58 2445.0
63 82 345.0
64 77 2234.0
72 49 500.0
40 34 1.0
11 83 227.0
16 11 1878.0
40 6 68.0
18 28 2274.0
11 55 1709.0
47 59 1870.0
18 56 1616.0
28 70 1335.0
87 40 1243.0
69 97 2201.0
35 59 2406.0
19 11 1265.0
28 13 723.0
11 6 1715.0
21 86 1073.0
24 1 2324.0
68 45 231.0
76 12 1774.0
99 43 737.0
91 19 433.0
89 33 709.0
92 50 736.0
13 48 642.0
71 9 595.0
10 68 665.0
81 34 319.0
12 98 306.0
68 36 1056.0
57 58 2240.0
69 16 2226.0
85 11 696.0
63 9 2295.0
37 8 1195.0
59 36 775.0
22 24 2124.0
55 44 676.0
93 46 1423.0
9 96 2279.0
15 54 1790.0
96 54 1834.0
5 92 2099.0
19 93 2166.0
69 8 2416.0
18 15 1827.0
26 45 1337.0
53 100 804.0
48 78 688.0
100 1 1584.0
99 91 2154.0
98 80 299.0
93 20 1674.0
60 82 978.0
63 11 724.0
23 67 2113.0
87 94 549.0
98 67 1569.0
18 86 1309.0
86 27 520.0
32 6 1573.0
36 50 1871.0
12 1 1914.0
45 91 1478.0
7 26 132.0
53 30 1145.0
74 7 498.0
42 84 1097.0
77 20 637.0
23 52 192.0
9 73 1322.0
33 30 1910.0
7 30 1604.0
23 4 161.0
47 15 369.0
68 32 1304.0
7 96 1705.0
68 17 1631.0
7 70 82.0
25 73 613.0
62 23 2352.0
97 49 736.0
18 57 340.0
24 82 1839.0
59 34 1730.0
11 82 149.0
38 9 1744.0
6 26 2007.0
48 1 1506.0
43 19 5.0
41 94 1805.0
22 28 324.0
9 99 1505.0
67 48 2162.0
11 27 294.0
23 98 581.0
19 89 208.0
68 84 494.0
68 60 2156.0
97 50 1851.0
23 18 1041.0
47 41 2411.0
31 81 151.0
60 53 948.0
52 45 367.0
42 97 2315.0
48 43 1643.0
1 55 2131.0
2 41 1501.0
50 5 1882.0
19 51 1495.0
81 95 639.0
89 51 2361.0
40 69 588.0
98 89 2076.0
35 53 1797.0
96 53 1934.0
90 64 1260.0
27 33 1139.0
17 73 2127.0
2 17 282.0
16 97 1744.0
88 35 1595.0
15 5 52.0
41 51 1229.0
56 27 1536.0
75 30 1040.0
11 70 2419.0
81 32 2365.0
7 33 1938.0
98 99 1802.0
84 85 453.0
86 30 2382.0
18 49 2289.0
63 54 667.0
100 17 670.0
26 10 172.0
67 17 780.0
95 40 1938.0
47 87 27.0
9 1 1493.0
79 46 1978.0
1 7 1547.0
72 76 1152.0
14 91 1359.0
70 56 143.0
10 89 1380.0
32 18 928.0
68 11 1282.0
34 27 1308.0
95 22 1499.0
73 37 214.0
20 49 814.0
47 7 355.0
99 31 1319.0
78 66 606.0
24 66 1057.0
48 77 2293.0
42 50 905.0
17 8 762.0
15 46 565.0
17 28 428.0
35 84 846.0
93 72 1750.0
61 52 1520.0
24 69 1255.0
45 16 35.0
21 15 1427.0
72 29 981.0
24 50 845.0
39 88 584.0
68 2 730.0
75 27 1800.0
51 88 1496.0
72 36 92.0
29 71 2275.0
75 23 1894.0
84 99 1167.0
34 93 147.0
75 100 2208.0
22 2 1523.0
26 18 156.0
50 39 1715.0
38 5 1015.0
66 2 383.0
42 74 684.0
44 49 629.0
21 93 827.0
43 45 2427.0
42 86 1557.0
78 64 1465.0
82 9 1074.0
10 4 1812.0
3 96 1874.0
39 52 1187.0
99 47 2336.0
77 90 1003.0
36 38 923.0
63 80 2471.0
25 83 1794.0
54 26 2469.0
99 87 1202.0
38 21 2408.0
95 99 1188.0
44 18 1425.0
16 71 771.0
28 62 2180.0
75 14 1225.0
7 41 695.0
17 99 2180.0
93 13 1356.0
68 93 2061.0
57 42 744.0
57 61 2299.0
3 76 2284.0
30 58 663.0
35 92 1358.0
23 36 2.0
9 68 910.0
87 71 579.0
16 14 880.0
80 56 1307.0
91 63 365.0
83 5 1103.0
99 80 1088.0
43 55 2304.0
66 48 1720.0
69 10 1981.0
99 77 2124.0
89 68 1546.0
70 17 2015.0
48 35 1547.0
41 80 981.0
42 34 1933.0
46 55 1150.0
12 95 2410.0
58 94 1610.0
15 68 685.0
71 50 740.0
13 55 78.0
35 90 472.0
62 27 148.0
6 13 378.0
46 73 2205.0
79 34 728.0
25 92 278.0
47 8 1191.0
50 8 1004.0
3 53 2194.0
63 86 1711.0
34 33 1734.0
3 34 727.0
2 7 683.0
48 72 2228.0
78 60 61.0
33 57 910.0
76 69 256.0
16 86 1715.0
96 59 2318.0
57 90 2381.0
84 52 2336.0
55 65 2333.0
72 39 1992.0
61 65 1811.0
12 84 2184.0
55 52 790.0
75 18 1529.0
67 34 2430.0
95 26 2155.0
22 47 130.0
13 38 1386.0
64 31 568.0
61 98 653.0
54 69 1541.0
99 86 573.0
59 73 2078.0
1 77 1412.0
76 37 1439.0
32 51 1185.0
43 80 1527.0
79 81 598.0
76 39 2001.0
34 5 1096.0
14 77 2454.0
53 56 2074.0
44 5 661.0
87 57 984.0
85 92 2419.0
29 83 1188.0
63 83 1725.0
96 86 1937.0
45 13 1177.0
76 28 2246.0
40 81 1017.0
9 43 443.0
52 98 628.0
42 47 1713.0
34 86 1936.0
56 4 1791.0
76 63 1124.0
2 31 1271.0
86 11 1137.0
1 65 320.0
6 65 689.0
82 64 2024.0
66 34 18.0
71 32 1731.0
64 5 2180.0
69 79 1756.0
65 46 891.0
35 21 1937.0
90 13 1102.0
18 39 1197.0
38 90 2427.0
19 27 1566.0
16 68 693.0
40 84 254.0
79 94 1639.0
94 38 1505.0
25 43 2132.0
77 41 1886.0
62 37 1362.0
81 36 1756.0
82 44 308.0
74 69 534.0
99 49 388.0
48 21 1803.0
77 78 1520.0
26 72 2435.0
27 32 1860.0
94 75 1269.0
83 64 1799.0
35 58 2217.0
63 67 2029.0
34 65 1320.0
21 68 2227.0
29 28 1755.0
25 1 881.0
59 51 794.0
41 13 1821.0
5 23 1803.0
5 32 203.0
55 84 1361.0
97 30 2213.0
93 87 1963.0
39 2 2050.0
27 12 401.0
14 92 1408.0
86 43 565.0
35 93 1828.0
62 97 1385.0
17 95 436.0
22 67 1537.0
41 87 900.0
72 69 444.0
2 76 36.0
64 61 796.0
16 77 2003.0
73 31 1211.0
90 39 2321.0
1 81 276.0
29 77 1099.0
40 12 162.0
15 8 1425.0
76 81 566.0
95 24 2337.0
59 79 1457.0
77 22 535.0
27 92 2059.0
2 8 261.0
86 3 638.0
58 19 1898.0
9 18 87.0
33 23 335.0
99 79 1100.0
47 43 2018.0
40 10 183.0
5 93 527.0
6 61 1173.0
20 3 580.0
42 70 1534.0
85 89 921.0
48 30 1169.0
27 25 2132.0
37 79 792.0
72 18 1934.0
27 35 1714.0
67 59 1070.0
25 53 1331.0
41 58 1002.0
95 49 755.0
77 89 2055.0
17 43 668.0
15 53 1127.0
60 77 1431.0
41 34 1187.0
68 94 575.0
80 49 798.0
2 34 1784.0
4 59 1758.0
61 38 236.0
78 93 1599.0
69 73 1542.0
75 22 605.0
46 67 1524.0
69 45 1552.0
86 69 946.0
97 54 56.0
53 88 2206.0
99 32 2255.0
17 42 1059.0
93 10 1312.0
2 6 920.0
30 2 1228.0
24 94 461.0
32 22 1972.0
47 69 54.0
26 39 543.0
14 35 2050.0
57 41 280.0
65 30 1735.0
61 73 724.0
41 48 2450.0
97 59 2015.0
12 46 1614.0
100 95 339.0
29 95 636.0
48 54 1821.0
47 91 920.0
11 91 313.0
41 98 1793.0
78 80 1057.0
50 46 1230.0
42 41 718.0
67 20 844.0
8 35 201.0
88 17 543.0
87 70 991.0
24 37 656.0
53 16 823.0
11 48 99.0
88 98 1177.0
59 2 1204.0
72 24 625.0
85 45 2422.0
49 8 432.0
7 100 2335.0
55 34 1799.0
72 33 94.0
69 9 1683.0
74 99 339.0
26 25 2032.0
63 70 626.0
10 15 851.0
11 31 723.0
95 86 2452.0
100 22 1771.0
89 69 679.0
9 91 101.0
13 10 1022.0
67 99 832.0
62 100 423.0
7 73 1403.0
85 34 1619.0
44 14 1806.0
20 73 626.0
93 70 545.0
55 19 1540.0
82 25 297.0
12 58 1578.0
67 19 1528.0
31 15 1502.0
15 52 889.0
33 47 337.0
48 93 1335.0
89 72 621.0
32 36 845.0
72 96 1257.0
74 14 254.0
97 80 352.0
21 94 2376.0
31 33 497.0
85 59 921.0
17 22 1182.0
23 93 1211.0
84 24 591.0
29 87 94.0
47 95 1784.0
23 88 2188.0
35 26 1413.0
30 83 2235.0
70 95 1310.0
81 86 1290.0
45 60 1188.0
37 80 543.0
99 50 1840.0
50 75 100.0
90 34 1216.0
38 51 145.0
73 57 1027.0
48 99 447.0
79 90 2363.0
29 19 1602.0
33 96 221.0
54 56 954.0
49 90 1232.0
14 86 1373.0
95 10 1035.0
30 78 90.0
95 33 115.0
87 21 1189.0
24 56 2134.0
58 77 2070.0
28 26 573.0
85 41 1966.0
52 27 138.0
76 32 2151.0
7 45 250.0
61 51 1358.0
22 83 1922.0
9 65 1980.0
97 85 2057.0
75 77 1773.0
81 18 289.0
84 53 2060.0
93 25 1365.0
24 6 300.0
22 9 158.0
96 65 67.0
17 65 1938.0
18 70 954.0
81 44 903.0
70 20 1253.0
97 40 1983.0
13 79 544.0
6 64 1358.0
31 66 1911.0
37 31 2006.0
31 39 503.0
50 11 1193.0
39 14 621.0
7 79 1210.0
64 67 690.0
99 96 2129.0
78 36 467.0
44 22 1316.0
79 76 183.0
20 92 796.0
40 61 1593.0
37 72 2321.0
85 53 2400.0
87 46 2078.0
51 6 169.0
84 71 874.0
52 99 660.0
97 75 1271.0
42 65 1719.0
48 68 2245.0
47 88 342.0
23 94 1184.0
12 70 1743.0
32 3 1132.0
40 45 482.0
20 97 1628.0
82 52 425.0
97 77 1321.0
91 28 187.0
56 67 1285.0
16 60 1160.0
78 94 1475.0
82 3 23.0
2 55 1078.0
8 84 457.0
1 87 1717.0
16 5 278.0
33 99 17.0
97 56 247.0
100 83 401.0
49 84 2199.0
29 36 1408.0
99 83 165.0
79 12 227.0
58 40 897.0
46 96 494.0
27 16 1367.0
18 60 1252.0
22 66 847.0
52 24 467.0
49 16 775.0
55 24 1827.0
77 31 291.0
71 86 2.0
2 83 882.0
86 46 1336.0
74 4 416.0
10 23 1442.0
7 35 1411.0
79 85 2016.0
28 56 1678.0
20 5 293.0
74 10 60.0
68 6 1111.0
53 90 1422.0
78 26 289.0
71 80 690.0
95 44 1332.0
90 3 1948.0
7 43 77.0
63 49 1602.0
58 50 648.0
34 97 120.0
65 45 2018.0
35 24 1108.0
77 39 2463.0
51 75 105.0
32 92 902.0
98 70 1323.0
39 65 8.0
14 54 1155.0
71 79 578.0
1 52 1244.0
94 7 928.0
19 71 1224.0
31 41 405.0
46 47 592.0
45 33 1974.0
54 33 1302.0
86 90 2079.0
89 81 552.0
30 9 2041.0
15 7 2385.0
21 78 1406.0
2 94 40.0
7 46 511.0
40 48 2304.0
84 14 2277.0
25 42 44.0
68 40 2203.0
46 97 216.0
91 44 1527.0
64 22 1823.0
26 4 1886.0
50 52 17.0
54 98 1428.0
95 1 2199.0
76 30 765.0
12 18 1397.0
30 88 1112.0
38 47 1010.0
66 65 1289.0
50 41 935.0
80 9 2080.0
98 18 1343.0
10 96 2372.0
87 92 2136.0
51 20 1670.0
29 84 655.0
27 99 1562.0
38 53 2319.0
88 29 2361.0
82 15 343.0
36 2 924.0
42 71 203.0
16 41 881.0
82 27 1948.0
42 69 1198.0
5 41 1706.0
38 43 403.0
9 67 1109.0
99 26 728.0
41 28 910.0
61 5 2250.0
80 12 296.0
32 97 173.0
58 81 485.0
83 7 786.0
65 22 1888.0
59 40 1054.0
14 50 1161.0
82 16 398.0
71 69 622.0
21 2 915.0
8 73 533.0
79 52 605.0
80 54 1676.0
67 51 1864.0
11 56 2179.0
9 47 1177.0
27 9 1731.0
71 77 1946.0
37 57 190.0
14 40 2017.0
7 81 1770.0
10 31 369.0
70 69 1046.0
28 43 1795.0
99 54 1931.0
34 38 1007.0
97 57 1903.0
48 52 2166.0
84 87 1771.0
1 37 377.0
54 31 1152.0
70 60 697.0
24 29 1802.0
77 68 2302.0
84 13 1944.0
55 100 2025.0
77 18 1449.0
86 20 182.0
77 6 852.0
89 24 897.0
4 13 317.0
89 44 1708.0
41 76 763.0
96 61 2096.0
72 11 1370.0
79 6 2205.0
45 49 1840.0
80 21 581.0
70 61 515.0
50 54 545.0
77 12 1108.0
43 40 1393.0
49 52 985.0
85 29 588.0
10 64 1748.0
80 7 633.0
9 17 2077.0
34 25 1193.0
73 48 1879.0
74 31 730.0
80 48 1127.0
4 70 1511.0
74 62 1464.0
50 28 2011.0
69 78 2189.0
86 1 995.0
92 98 2326.0
99 15 322.0
32 34 960.0
20 50 2406.0
37 40 2130.0
22 68 1564.0
78 4 1444.0
88 71 661.0
91 95 2411.0
26 33 269.0
96 67 901.0
51 9 2159.0
15 26 2057.0
81 52 1124.0
59 53 249.0
94 37 883.0
3 22 1174.0
75 64 903.0
38 75 1877.0
50 32 981.0
25 72 185.0
90 55 1191.0
14 48 538.0
65 56 1689.0
36 39 415.0
91 61 1257.0
74 68 498.0
81 16 1960.0
98 62 303.0
85 52 1772.0
72 4 1573.0
98 39 2087.0
60 52 202.0
69 52 319.0
75 79 366.0
2 37 399.0
63 21 991.0
58 98 1177.0
49 58 1602.0
92 97 551.0
33 42 689.0
69 66 12.0
33 48 1166.0
40 51 1748.0
94 22 1075.0
44 88 1013.0
99 97 1536.0
93 43 2209.0
50 78 397.0
94 31 2109.0
8 61 2310.0
29 57 2193.0
99 45 2315.0
78 56 2280.0
35 64 2130.0
31 27 395.0
12 61 1317.0
42 4 939.0
40 94 223.0
27 17 562.0
6 15 749.0
9 79 1486.0
3 60 2172.0
99 5 1603.0
25 71 964.0
66 17 1538.0
83 6 2042.0
69 35 322.0
47 68 236.0
24 62 1011.0
65 100 772.0
43 87 2118.0
48 29 2004.0
63 56 724.0
53 31 2085.0
93 97 1779.0
15 35 35.0
36 42 866.0
80 38 1710.0
98 30 624.0
67 80 2125.0
100 23 2263.0
85 90 2274.0
30 31 273.0
27 30 1320.0
37 38 1287.0
79 23 721.0
99 16 1161.0
61 18 751.0
6 97 1555.0
12 48 65.0
62 12 373.0
21 75 1514.0
49 25 872.0
29 20 494.0
71 17 413.0
32 84 1499.0
48 19 1687.0
35 10 967.0
3 14 287.0
97 61 717.0
5 87 1719.0
30 24 1364.0
93 99 1301.0
89 40 126.0
64 14 477.0
86 68 1478.0
3 57 825.0
73 99 810.0
94 35 1126.0
16 98 1425.0
40 52 1288.0
25 51 1413.0
98 51 490.0
92 51 764.0
44 21 328.0
98 65 1938.0
4 51 1517.0
57 43 1533.0
87 7 1395.0
49 2 1495.0
73 16 223.0
89 4 902.0
94 71 60.0
47 3 1762.0
28 39 384.0
71 72 2388.0
48 7 1875.0
63 73 1776.0
91 40 163.0
24 10 2243.0
64 73 450.0
87 3 596.0
67 18 1778.0
51 96 1382.0
81 61 1190.0
82 12 314.0
16 79 1172.0
51 17 1115.0
32 59 382.0
22 91 1667.0
72 53 893.0
3 5 10.0
82 92 1806.0
50 98 530.0
90 73 2329.0
5 40 1404.0
5 36 2374.0
44 75 396.0
45 89 1987.0
58 13 1591.0
48 3 2079.0
23 29 224.0
63 72 1877.0
3 8 1875.0
86 39 366.0
87 85 2119.0
95 66 225.0
31 48 360.0
61 33 1286.0
1 89 414.0
51 66 1549.0
37 95 2319.0
86 2 798.0
63 74 2433.0
8 91 2095.0
14 71 2425.0
25 77 2038.0
23 72 2049.0
82 22 1582.0
17 85 570.0
48 10 53.0
86 8 189.0
14 57 732.0
63 96 2148.0
34 37 823.0
92 26 198.0
17 57 158.0
35 52 210.0
39 25 786.0
8 60 1145.0
91 16 661.0
33 65 1240.0
48 8 2061.0
6 31 2425.0
73 71 1534.0
52 56 1502.0
43 41 1638.0
73 40 597.0
7 76 1513.0
19 44 961.0
61 29 952.0
45 39 314.0
96 22 1380.0
29 14 2300.0
79 2 131.0
31 36 1868.0
84 21 513.0
28 68 395.0
