*Vertices 100
1 "12901"
2 "12997"
3 "12919"
4 "12959"
5 "12983"
6 "12953"
7 "12910"
8 "12943"
9 "12916"
10 "12929"
11 "12934"
12 "12991"
13 "12969"
14 "12975"
15 "12940"
16 "12928"
17 "12964"
18 "12949"
19 "12978"
20 "12921"
21 "12986"
22 "12908"
23 "12948"
24 "12905"
25 "12974"
26 "12926"
27 "12915"
28 "12946"
29 "12988"
30 "12917"
31 "12976"
32 "12941"
33 "12903"
34 "12935"
35 "12918"
36 "12933"
37 "12911"
38 "12971"
39 "12920"
40 "12942"
41 "12956"
42 "12980"
43 "12967"
44 "12984"
45 "12924"
46 "12912"
47 "12945"
48 "12958"
49 "12977"
50 "12932"
51 "12904"
52 "12960"
53 "12902"
54 "12981"
55 "12913"
56 "12944"
57 "12907"
58 "12937"
59 "12979"
60 "12982"
61 "13000"
62 "12927"
63 "12987"
64 "12936"
65 "12930"
66 "12922"
67 "12973"
68 "12970"
69 "12999"
70 "12955"
71 "12950"
72 "12996"
73 "12993"
74 "12992"
75 "12972"
76 "12966"
77 "12968"
78 "12925"
79 "12985"
80 "12961"
81 "12951"
82 "12909"
83 "12914"
84 "12962"
85 "12965"
86 "12952"
87 "12963"
88 "12995"
89 "12947"
90 "12994"
91 "12998"
92 "12923"
93 "12957"
94 "12939"
95 "12954"
96 "12906"
97 "12990"
98 "12931"
99 "12938"
100 "12989"
*Edges
88 85 2289.0
48 14 2947.0
60 26 2735.0
1 18 380.0
71 3 2416.0
12 61 3076.0
25 34 536.0
22 81 3439.0
58 78 2578.0
37 44 3189.0
41 20 3338.0
78 59 1670.0
41 10 1448.0
6 22 2225.0
4 1 1969.0
13 70 2778.0
33 10 545.0
56 61 1156.0
50 34 648.0
82 29 964.0
100 35 1197.0
40 26 1697.0
76 72 297.0
100 62 1526.0
66 23 2980.0
50 28 991.0
55 78 3236.0
58 5 725.0
19 12 1523.0
6 1 476.0
9 60 1419.0
19 56 2809.0
52 10 276.0
55 30 1435.0
13 25 2272.0
96 73 2837.0
96 46 575.0
78 81 2833.0
24 55 397.0
47 69 1146.0
51 96 2102.0
6 38 3098.0
39 16 2682.0
18 89 2287.0
21 75 2044.0
8 28 1309.0
57 37 3181.0
70 32 897.0
100 5 3050.0
86 93 3356.0
97 95 2165.0
36 18 1270.0
47 44 455.0
43 12 1423.0
36 74 3139.0
68 71 3022.0
38 74 2205.0
76 75 2559.0
17 65 2544.0
7 52 2174.0
84 24 1894.0
59 99 2791.0
23 54 1688.0
23 8 3172.0
87 32 1028.0
34 75 1213.0
92 71 751.0
85 42 1716.0
50 32 2835.0
99 24 12.0
74 93 2226.0
30 50 1743.0
64 87 1573.0
16 96 1802.0
82 2 261.0
18 47 2273.0
57 60 2874.0
21 59 3369.0
46 77 99.0
60 45 1124.0
41 25 3445.0
44 11 2982.0
27 99 2391.0
20 27 1430.0
73 60 260.0
21 93 3001.0
11 69 407.0
18 74 1462.0
35 14 799.0
34 90 482.0
68 69 1999.0
24 17 2072.0
16 55 1481.0
30 83 97.0
71 95 2006.0
77 6 2120.0
40 3 2120.0
75 36 1187.0
40 96 2691.0
87 90 3102.0
18 41 423.0
1 24 978.0
36 61 2120.0
72 58 1819.0
26 65 75.0
77 4 3373.0
35 52 3085.0
12 2 1684.0
83 56 117.0
15 41 3405.0
49 45 3078.0
56 60 3115.0
21 48 3258.0
61 27 880.0
76 26 1486.0
61 76 3387.0
75 14 3164.0
74 20 2471.0
71 98 1881.0
22 98 843.0
81 43 1271.0
77 7 1251.0
49 16 1669.0
52 64 2637.0
70 68 2974.0
17 86 2287.0
12 64 761.0
10 58 1217.0
30 80 2099.0
83 21 830.0
71 54 3194.0
72 7 516.0
53 27 3129.0
54 35 2731.0
65 99 944.0
43 6 2957.0
44 97 475.0
71 81 3281.0
64 78 354.0
13 92 192.0
35 19 2979.0
61 82 154.0
66 18 2546.0
90 13 36.0
85 79 2977.0
12 77 913.0
90 79 3457.0
41 91 3273.0
92 23 926.0
40 9 3124.0
88 20 2126.0
66 94 1932.0
83 90 2743.0
81 50 3419.0
69 1 3108.0
17 79 1898.0
21 94 2296.0
63 26 65.0
3 83 273.0
50 25 2496.0
82 38 1623.0
72 43 1572.0
25 83 367.0
36 84 1235.0
78 80 207.0
74 40 918.0
1 88 1813.0
83 33 396.0
65 69 3176.0
40 19 3201.0
20 35 1863.0
76 43 2373.0
42 69 3071.0
82 48 2042.0
74 24 3301.0
6 26 420.0
48 80 502.0
43 61 2631.0
12 53 299.0
22 27 576.0
47 99 3442.0
95 38 2974.0
75 50 917.0
34 64 366.0
80 76 726.0
56 74 712.0
65 4 523.0
85 23 3161.0
65 55 2072.0
35 3 2783.0
30 90 376.0
45 65 2379.0
88 84 2794.0
53 83 2258.0
14 18 27.0
99 25 2825.0
90 77 839.0
33 74 110.0
98 52 52.0
36 55 2873.0
23 27 634.0
19 1 1005.0
70 38 1577.0
70 15 2804.0
63 24 653.0
45 31 2934.0
81 44 298.0
59 93 489.0
20 83 2446.0
28 99 1898.0
100 76 1907.0
73 76 427.0
61 67 1232.0
99 26 19.0
87 34 337.0
68 15 674.0
47 39 495.0
95 94 958.0
46 99 271.0
14 31 1014.0
22 86 1115.0
28 44 448.0
92 62 474.0
72 93 3083.0
100 78 2519.0
100 49 464.0
17 51 181.0
89 31 2992.0
69 28 958.0
37 46 2820.0
27 64 1160.0
99 71 3146.0
93 8 1117.0
52 84 3018.0
88 5 1671.0
20 32 846.0
68 53 1023.0
11 6 156.0
38 37 2273.0
86 96 1107.0
66 92 12.0
99 67 2814.0
50 86 1067.0
25 7 738.0
26 10 2583.0
85 89 1228.0
52 59 3342.0
90 14 2966.0
20 57 1134.0
13 86 3349.0
18 24 780.0
58 99 1513.0
50 58 191.0
20 81 247.0
92 41 2413.0
62 28 1326.0
43 85 1527.0
7 31 2062.0
59 71 1966.0
56 93 1915.0
22 5 3293.0
80 19 2874.0
6 16 1068.0
12 84 225.0
46 79 3367.0
18 19 2655.0
7 70 2949.0
41 14 2211.0
57 47 719.0
13 72 2400.0
98 35 1056.0
17 39 2268.0
79 74 1961.0
21 46 2329.0
63 69 2521.0
98 96 2537.0
85 66 1785.0
93 4 1405.0
47 80 820.0
23 6 2663.0
10 74 1496.0
91 12 205.0
53 29 2062.0
7 23 693.0
84 9 251.0
33 50 3175.0
33 19 1190.0
96 60 2911.0
30 2 760.0
51 44 244.0
53 78 364.0
26 19 1868.0
53 17 1908.0
39 31 500.0
64 70 1675.0
40 45 3069.0
64 23 2424.0
39 30 1804.0
28 100 2366.0
8 27 1675.0
42 34 1093.0
94 74 331.0
51 81 1738.0
74 84 3448.0
38 22 1176.0
39 64 1151.0
60 71 1765.0
11 52 1231.0
80 46 436.0
8 16 2582.0
87 99 2517.0
15 77 1938.0
84 50 2465.0
57 71 2116.0
80 66 1501.0
82 100 2739.0
12 33 2086.0
4 76 1148.0
84 26 2318.0
46 54 3101.0
9 83 2196.0
81 39 1725.0
45 85 1160.0
86 95 708.0
12 66 975.0
23 98 2621.0
25 21 2033.0
81 37 722.0
78 10 3371.0
95 36 2254.0
72 38 662.0
6 68 1780.0
46 35 1471.0
76 42 496.0
98 69 1436.0
61 20 2578.0
20 89 1957.0
81 21 2726.0
4 60 2550.0
26 53 145.0
87 38 1153.0
23 74 2158.0
33 67 1692.0
72 97 1624.0
47 96 1348.0
56 3 2273.0
83 18 2590.0
72 75 198.0
11 72 1827.0
32 95 824.0
20 26 705.0
87 26 2876.0
23 30 139.0
97 83 2421.0
88 34 1672.0
65 47 2050.0
36 49 1718.0
53 66 1682.0
78 23 2019.0
4 31 1116.0
54 51 1762.0
87 72 162.0
26 68 4.0
4 33 225.0
79 92 997.0
60 89 1563.0
35 85 205.0
15 23 2688.0
37 6 1263.0
46 36 1660.0
51 83 2814.0
51 59 2199.0
84 98 314.0
13 18 2859.0
43 88 198.0
70 49 782.0
90 8 3170.0
47 33 3349.0
93 32 1387.0
1 90 1703.0
5 45 1476.0
63 100 3.0
37 42 1748.0
65 33 737.0
87 43 2905.0
25 60 2312.0
80 23 2908.0
23 99 1286.0
85 4 1026.0
89 82 366.0
40 99 508.0
37 70 441.0
74 17 826.0
14 99 762.0
27 88 1659.0
84 8 55.0
7 91 1511.0
33 70 3113.0
77 32 3035.0
37 29 3121.0
34 30 3186.0
8 43 1823.0
72 6 1056.0
36 43 547.0
100 24 2662.0
99 84 2960.0
77 69 1330.0
65 31 879.0
92 40 222.0
4 26 315.0
51 88 1525.0
16 85 2892.0
6 10 746.0
22 23 3205.0
47 88 647.0
10 48 844.0
68 99 2707.0
60 24 3171.0
16 48 2730.0
28 20 803.0
4 9 2589.0
71 65 3079.0
40 76 69.0
18 25 2584.0
89 4 2464.0
44 84 824.0
44 45 1448.0
42 50 347.0
24 92 1113.0
83 31 1652.0
84 2 1522.0
29 5 2778.0
47 41 2399.0
77 64 312.0
4 46 2567.0
68 61 3261.0
15 22 2100.0
58 44 3053.0
97 93 2851.0
2 100 965.0
54 1 3448.0
83 29 3341.0
43 57 2680.0
87 85 561.0
100 88 719.0
62 69 2309.0
88 8 64.0
6 39 849.0
7 45 3173.0
34 20 485.0
77 61 1822.0
54 88 983.0
11 66 1748.0
23 45 1865.0
53 81 1577.0
8 99 38.0
29 43 2604.0
71 26 2447.0
39 77 950.0
4 86 3437.0
77 11 3316.0
82 17 655.0
12 48 3269.0
68 55 2117.0
55 92 2574.0
48 63 1093.0
76 93 966.0
15 53 1614.0
19 73 2873.0
83 64 1568.0
38 78 2280.0
39 62 96.0
52 75 1599.0
54 73 3306.0
56 84 3196.0
65 89 1800.0
5 46 2392.0
63 71 3291.0
33 49 3047.0
50 14 2291.0
57 91 618.0
28 48 811.0
72 94 3156.0
35 83 345.0
81 30 1425.0
4 100 2696.0
43 37 719.0
34 22 2226.0
15 93 1042.0
97 69 1719.0
86 53 260.0
11 2 2644.0
87 21 1626.0
97 96 1193.0
77 81 1101.0
57 89 3333.0
77 59 1038.0
32 21 2142.0
89 30 835.0
4 88 1171.0
44 25 1447.0
82 7 1276.0
59 35 2560.0
96 14 234.0
53 13 1338.0
51 20 697.0
19 79 2148.0
73 36 1477.0
39 9 2506.0
52 54 698.0
13 88 1321.0
39 1 3216.0
36 25 1382.0
69 46 2612.0
80 92 1290.0
56 55 2668.0
63 16 366.0
80 28 490.0
93 88 19.0
77 70 1438.0
77 38 248.0
38 75 3023.0
95 60 1565.0
10 3 1099.0
77 26 1905.0
48 13 1645.0
73 22 560.0
37 85 1956.0
34 89 2534.0
65 86 1862.0
95 66 3175.0
62 18 3395.0
46 49 2529.0
7 44 1759.0
9 38 1589.0
45 10 467.0
40 67 2337.0
13 58 1312.0
45 90 2844.0
71 36 2947.0
38 90 462.0
42 94 3089.0
38 61 2203.0
20 60 1178.0
29 39 2727.0
6 18 1672.0
71 75 1273.0
56 37 634.0
64 80 2772.0
80 60 2113.0
12 73 3211.0
47 40 220.0
79 89 1718.0
31 22 2792.0
23 4 633.0
77 72 2754.0
41 85 40.0
25 94 1571.0
6 2 3036.0
23 37 456.0
59 31 1027.0
76 21 2656.0
76 44 1490.0
44 93 1561.0
21 63 2695.0
73 52 1493.0
89 55 1638.0
28 56 3364.0
63 73 2419.0
77 33 2223.0
98 81 1850.0
34 41 3213.0
56 16 1565.0
4 97 2029.0
87 80 1391.0
73 16 953.0
23 18 1030.0
74 100 2368.0
82 93 45.0
56 72 1841.0
37 2 717.0
33 81 1769.0
8 2 39.0
92 44 3450.0
64 29 378.0
18 45 2471.0
36 27 205.0
75 5 2607.0
31 77 190.0
22 80 112.0
50 80 2010.0
2 60 2959.0
29 44 3024.0
71 44 1312.0
24 20 1666.0
98 73 1337.0
100 83 565.0
87 27 2519.0
75 66 560.0
46 94 2944.0
53 49 1809.0
56 77 1786.0
62 90 929.0
20 100 1215.0
49 86 880.0
84 64 1067.0
28 58 2524.0
83 34 241.0
62 94 262.0
35 61 837.0
20 2 2358.0
52 86 2906.0
10 66 2173.0
15 69 2353.0
32 10 3194.0
44 16 648.0
63 64 1924.0
83 19 818.0
54 83 914.0
70 97 1786.0
63 60 1495.0
71 41 634.0
42 79 1477.0
84 70 2848.0
39 65 3011.0
87 68 2177.0
95 91 2574.0
68 64 2301.0
83 16 1596.0
91 44 3238.0
17 4 125.0
69 33 1407.0
11 32 2928.0
99 90 1788.0
36 1 2416.0
63 79 2207.0
12 59 359.0
38 88 69.0
93 99 3075.0
86 24 2565.0
11 61 2019.0
3 89 1680.0
6 21 3316.0
53 63 2468.0
78 22 3423.0
91 77 3042.0
29 87 845.0
39 4 1010.0
29 100 1479.0
44 100 198.0
72 48 1634.0
49 51 2437.0
32 28 1104.0
4 43 1570.0
76 37 3130.0
40 25 2765.0
69 100 3175.0
97 54 2589.0
9 49 1171.0
52 95 665.0
15 62 224.0
34 84 54.0
68 79 285.0
19 74 3346.0
62 24 988.0
9 11 1762.0
60 94 1179.0
69 35 218.0
89 62 1737.0
9 41 7.0
93 43 2771.0
87 78 1223.0
93 7 2080.0
13 100 3101.0
15 79 3374.0
57 78 3172.0
37 18 1519.0
29 10 3057.0
95 79 96.0
99 56 1873.0
48 17 1842.0
32 82 1213.0
37 59 2296.0
2 28 1838.0
59 70 1023.0
95 70 460.0
48 4 1849.0
69 8 3243.0
65 72 3233.0
35 5 1808.0
46 81 1988.0
96 94 760.0
48 19 975.0
6 52 2065.0
41 29 180.0
67 19 1269.0
4 73 3402.0
48 23 3463.0
61 26 908.0
51 1 2345.0
10 4 136.0
53 72 3295.0
5 27 533.0
71 88 2226.0
99 20 391.0
95 42 1064.0
56 9 3142.0
56 73 1977.0
95 73 1027.0
2 3 67.0
93 14 3378.0
60 99 2910.0
67 24 3442.0
37 93 921.0
2 56 187.0
1 32 966.0
48 1 1465.0
65 21 112.0
31 73 1262.0
51 4 2241.0
80 96 1308.0
79 31 199.0
31 42 2596.0
87 69 596.0
41 36 977.0
65 76 1250.0
87 82 1705.0
41 76 3068.0
86 88 1870.0
36 90 3357.0
12 80 3415.0
38 85 633.0
1 66 2637.0
83 46 2737.0
22 19 742.0
86 32 974.0
23 19 2338.0
41 88 654.0
100 98 1510.0
46 12 1300.0
15 1 3305.0
28 6 610.0
82 92 211.0
84 42 2326.0
16 82 619.0
88 65 195.0
88 59 2600.0
8 24 2574.0
12 30 806.0
47 55 2319.0
21 33 849.0
96 57 2143.0
51 68 2342.0
53 25 3220.0
69 76 89.0
87 35 2115.0
26 45 2459.0
79 50 1438.0
3 15 2488.0
65 62 1600.0
24 28 3087.0
26 24 115.0
38 3 103.0
7 15 2424.0
3 27 1816.0
54 15 2713.0
37 4 436.0
7 29 663.0
50 56 2261.0
37 97 2111.0
35 11 1318.0
5 42 1161.0
13 33 2256.0
30 70 2289.0
23 96 1423.0
28 34 2036.0
39 75 177.0
12 87 1499.0
38 76 3161.0
60 44 2257.0
22 100 2134.0
10 98 925.0
74 35 362.0
74 13 107.0
14 22 3394.0
5 2 409.0
60 22 1969.0
33 14 393.0
14 72 1410.0
22 65 3252.0
80 26 1140.0
20 9 744.0
95 85 1023.0
62 50 1210.0
62 59 1581.0
21 40 2052.0
93 39 3346.0
6 47 3360.0
65 1 1065.0
73 58 3164.0
84 49 3282.0
90 19 3099.0
33 44 323.0
93 62 2123.0
91 66 1763.0
7 76 457.0
47 17 3143.0
77 1 17.0
66 54 3324.0
45 68 1257.0
60 53 2896.0
16 79 902.0
47 36 1270.0
32 64 752.0
7 20 1435.0
83 89 1427.0
38 83 35.0
28 60 2539.0
9 25 3298.0
89 59 1664.0
7 67 2094.0
87 7 2738.0
15 99 928.0
42 99 219.0
88 55 1560.0
74 6 3003.0
18 29 134.0
19 42 611.0
87 48 974.0
81 76 1734.0
93 54 48.0
50 65 479.0
7 80 692.0
58 82 1270.0
40 97 1488.0
55 51 2967.0
58 95 893.0
12 20 633.0
33 5 2894.0
99 73 2804.0
26 9 1627.0
14 30 2370.0
8 78 3318.0
21 51 2484.0
98 58 1864.0
65 100 156.0
60 87 1546.0
52 92 1775.0
81 75 44.0
97 68 1796.0
80 11 2893.0
55 48 1605.0
5 69 3262.0
23 50 3126.0
11 25 746.0
27 21 162.0
92 87 100.0
100 46 2145.0
37 94 156.0
38 79 332.0
54 92 3447.0
86 25 317.0
31 6 2559.0
42 30 1912.0
72 82 938.0
52 67 3364.0
95 100 1658.0
4 6 2354.0
57 48 685.0
28 12 662.0
47 4 1041.0
62 88 1301.0
69 88 1472.0
97 94 715.0
42 53 1281.0
2 64 1875.0
7 94 2785.0
14 91 2603.0
84 53 1132.0
97 58 2444.0
14 68 406.0
21 53 1909.0
48 45 1045.0
2 45 2828.0
63 74 763.0
58 77 2620.0
56 97 1169.0
6 82 477.0
45 94 2431.0
68 3 3461.0
92 84 145.0
7 9 2593.0
10 47 1998.0
81 14 1518.0
49 59 2717.0
44 53 2715.0
11 67 2101.0
17 43 3419.0
19 50 907.0
15 89 1442.0
34 40 2976.0
79 84 2926.0
72 85 2866.0
36 7 3202.0
47 73 616.0
80 18 41.0
22 45 200.0
2 61 2942.0
25 100 2621.0
88 21 492.0
87 36 250.0
10 55 3458.0
2 66 2124.0
16 47 2484.0
3 9 242.0
49 88 951.0
16 86 3302.0
19 46 1642.0
72 40 2145.0
52 12 1239.0
3 37 3347.0
75 41 1516.0
7 96 2470.0
20 92 523.0
9 89 2363.0
60 15 492.0
84 18 2849.0
44 52 1812.0
81 89 3039.0
34 74 2170.0
13 3 2779.0
67 25 2471.0
68 82 2090.0
71 48 2158.0
9 64 2894.0
80 10 1180.0
21 14 2118.0
84 87 2220.0
93 16 180.0
28 35 2829.0
55 80 1036.0
76 50 501.0
18 42 1700.0
95 14 2873.0
24 25 3391.0
65 11 2425.0
96 69 3349.0
7 83 169.0
28 37 1021.0
63 20 1211.0
80 100 1354.0
43 56 2867.0
59 13 3367.0
10 11 1627.0
64 91 1711.0
92 51 1489.0
44 63 195.0
54 89 1497.0
87 63 1332.0
68 91 1899.0
44 6 2436.0
2 10 2622.0
90 16 1800.0
14 59 1257.0
55 77 1265.0
8 6 2090.0
100 12 2796.0
51 23 1691.0
19 45 1258.0
14 10 2420.0
80 45 2780.0
46 97 317.0
14 82 2036.0
62 82 1726.0
13 28 2815.0
61 22 1141.0
43 95 2358.0
54 82 2868.0
4 8 1631.0
33 22 402.0
18 39 163.0
53 51 1568.0
40 27 720.0
53 77 1711.0
10 40 2026.0
29 30 2880.0
44 94 2863.0
96 21 368.0
14 44 402.0
41 55 879.0
30 76 2348.0
68 88 1797.0
91 97 975.0
9 44 2255.0
5 31 1429.0
31 44 762.0
68 5 2388.0
75 67 3390.0
98 41 2875.0
64 8 1854.0
48 70 1133.0
59 92 2936.0
21 49 2921.0
60 14 259.0
73 68 25.0
34 70 575.0
79 77 1224.0
44 66 2123.0
43 15 2513.0
88 28 1804.0
15 12 2931.0
92 16 2507.0
71 11 812.0
59 94 918.0
97 63 1458.0
92 38 1755.0
80 32 2310.0
21 43 2870.0
96 33 1100.0
93 48 2905.0
27 71 1909.0
100 18 3028.0
97 27 530.0
48 91 1801.0
16 99 3317.0
26 35 1976.0
54 7 3086.0
100 64 1035.0
45 100 2524.0
30 49 368.0
67 18 3098.0
29 97 22.0
43 13 816.0
93 33 2005.0
85 55 2560.0
20 65 946.0
83 10 115.0
95 55 1567.0
84 4 1673.0
8 92 2572.0
56 20 403.0
80 58 2097.0
49 48 2446.0
88 29 297.0
33 27 1747.0
55 40 2647.0
59 20 307.0
60 13 561.0
72 60 757.0
24 80 3346.0
2 86 2023.0
1 53 863.0
2 95 3227.0
43 89 2244.0
8 75 1672.0
10 17 3086.0
67 29 343.0
39 63 102.0
63 42 1410.0
12 11 1884.0
63 54 2264.0
67 92 856.0
24 2 2440.0
98 94 2184.0
48 81 2626.0
49 11 2442.0
88 14 1616.0
9 63 2064.0
42 86 262.0
36 29 1323.0
76 11 2223.0
11 29 1816.0
49 17 2343.0
83 22 1492.0
10 86 970.0
52 27 2812.0
76 91 1090.0
15 26 1057.0
48 46 3040.0
9 55 2390.0
50 88 2944.0
52 25 647.0
41 62 2233.0
2 91 342.0
93 67 759.0
60 40 1363.0
45 13 3426.0
72 68 433.0
92 15 36.0
46 91 3160.0
8 31 2951.0
52 61 1634.0
6 48 61.0
77 28 3326.0
3 60 247.0
63 25 902.0
33 55 2324.0
58 2 539.0
32 58 2917.0
15 34 1217.0
56 64 710.0
30 65 508.0
80 9 1903.0
78 13 63.0
39 57 2676.0
11 92 3253.0
60 58 718.0
90 88 3391.0
74 99 1322.0
63 35 1307.0
22 49 424.0
52 74 1019.0
93 46 1465.0
1 60 1461.0
3 79 1922.0
33 18 2680.0
40 17 687.0
14 8 1574.0
4 57 74.0
81 58 2179.0
73 69 571.0
61 54 692.0
78 34 2848.0
5 87 747.0
1 75 1450.0
73 42 393.0
76 55 1358.0
13 30 1170.0
79 83 1120.0
58 85 125.0
59 95 759.0
23 10 1543.0
69 71 694.0
4 91 2898.0
59 87 2552.0
81 92 2686.0
80 70 1731.0
78 88 863.0
2 80 763.0
94 79 277.0
66 8 1919.0
40 77 1240.0
28 74 2552.0
95 82 351.0
44 74 1868.0
94 35 1031.0
60 33 1345.0
98 82 1601.0
34 10 2600.0
77 2 845.0
95 67 620.0
48 94 1428.0
59 44 2762.0
66 13 2350.0
47 90 915.0
58 89 494.0
40 51 2456.0
52 91 2584.0
69 19 3147.0
51 12 2845.0
64 92 1538.0
82 26 746.0
98 59 2680.0
35 67 989.0
45 55 2274.0
76 49 2280.0
98 40 651.0
96 41 235.0
19 86 2944.0
11 74 444.0
33 8 1451.0
66 60 1637.0
55 83 2166.0
28 78 565.0
46 95 1246.0
46 56 157.0
60 5 2688.0
65 84 2447.0
52 56 1972.0
10 100 3092.0
50 5 2256.0
45 81 2753.0
7 2 2560.0
79 47 2765.0
5 14 406.0
95 49 2363.0
27 45 2843.0
46 30 2255.0
11 59 769.0
28 19 1767.0
47 48 1637.0
6 41 2519.0
38 60 656.0
7 22 2352.0
27 78 1227.0
53 34 1557.0
23 25 2187.0
70 5 342.0
82 86 373.0
21 100 2682.0
3 66 2953.0
3 62 2212.0
70 76 2943.0
96 61 1433.0
59 74 1687.0
25 78 141.0
22 17 2297.0
3 47 16.0
83 77 3219.0
20 70 3366.0
92 83 459.0
93 52 433.0
58 84 2770.0
60 34 3009.0
68 90 811.0
59 80 1899.0
40 84 3095.0
15 16 2663.0
34 96 363.0
56 91 2355.0
78 40 203.0
75 17 704.0
39 91 2732.0
32 40 1420.0
63 80 2311.0
78 49 1270.0
56 41 1983.0
63 88 2563.0
93 2 32.0
93 73 2504.0
28 17 2191.0
87 96 1474.0
84 1 2422.0
47 9 2360.0
96 26 24.0
78 86 1564.0
78 84 1222.0
86 37 2955.0
50 60 984.0
40 52 2961.0
39 25 401.0
48 25 1531.0
44 50 486.0
75 79 585.0
100 38 311.0
74 92 3302.0
79 18 1417.0
30 22 1874.0
12 37 642.0
85 57 1489.0
5 38 2701.0
35 51 3451.0
13 49 2677.0
70 91 2346.0
37 92 1795.0
69 66 3130.0
24 68 1757.0
9 94 1764.0
25 88 2481.0
84 28 1234.0
23 5 2773.0
42 8 2926.0
70 16 89.0
38 58 1550.0
80 68 2254.0
28 92 480.0
85 53 1803.0
92 2 2079.0
61 71 1527.0
94 16 1350.0
26 85 3015.0
27 50 692.0
86 6 2844.0
10 57 2941.0
44 26 2297.0
1 8 2635.0
40 71 1691.0
60 11 1442.0
6 96 2187.0
78 30 1989.0
16 37 2495.0
57 22 2872.0
98 12 94.0
69 25 3205.0
51 87 337.0
84 90 2843.0
81 4 385.0
9 5 3323.0
74 47 1015.0
40 29 1907.0
49 74 2075.0
73 59 1780.0
48 65 1360.0
53 94 303.0
73 28 3311.0
98 50 3071.0
59 47 1785.0
86 67 2409.0
39 38 1071.0
89 67 3279.0
69 92 3071.0
82 8 383.0
39 40 156.0
95 87 742.0
17 44 3164.0
36 97 3390.0
44 64 2497.0
97 90 2247.0
50 70 3440.0
28 11 2182.0
20 8 657.0
68 98 2847.0
79 71 592.0
64 86 2378.0
76 92 2443.0
85 31 1710.0
12 29 826.0
2 97 2958.0
43 82 3176.0
71 87 1391.0
49 34 2863.0
18 69 1629.0
100 40 2670.0
40 90 581.0
37 47 482.0
68 83 250.0
59 8 2255.0
79 9 3178.0
93 68 1035.0
75 19 2479.0
31 28 1277.0
52 31 2586.0
41 39 869.0
37 71 3354.0
50 100 2260.0
50 48 2662.0
75 83 2283.0
60 65 1457.0
31 46 2928.0
3 93 3058.0
47 45 266.0
67 13 569.0
96 22 1519.0
23 91 3449.0
55 29 219.0
43 26 3382.0
88 44 2669.0
89 7 2711.0
11 93 1439.0
4 44 1651.0
19 2 685.0
56 58 76.0
68 41 58.0
96 1 1852.0
91 55 1537.0
97 71 1878.0
42 88 1385.0
67 84 2981.0
97 19 638.0
89 29 1183.0
67 65 1166.0
54 28 1201.0
13 84 1747.0
19 63 2508.0
5 53 1008.0
51 2 1821.0
86 29 2807.0
93 92 421.0
76 74 1839.0
83 17 2580.0
6 83 3337.0
32 89 1427.0
51 10 584.0
18 94 3358.0
24 23 1649.0
71 91 2307.0
67 69 2091.0
3 52 1433.0
29 32 1507.0
19 99 1436.0
56 76 962.0
36 76 857.0
57 33 3358.0
61 87 2788.0
94 17 432.0
87 49 2441.0
17 95 2452.0
11 39 2511.0
45 72 2431.0
93 53 798.0
29 2 1618.0
79 55 1628.0
54 49 2536.0
82 90 2347.0
83 93 2353.0
10 61 1650.0
19 98 3030.0
86 15 2492.0
62 10 433.0
51 3 387.0
53 36 2951.0
11 81 2282.0
71 76 1302.0
60 30 3424.0
27 74 225.0
4 24 804.0
72 21 3160.0
68 36 2385.0
79 24 1277.0
4 16 1617.0
36 93 2074.0
40 2 1941.0
95 10 3115.0
90 66 2288.0
7 37 2208.0
18 96 2460.0
1 93 115.0
54 8 1791.0
56 67 2480.0
97 50 1910.0
37 65 3403.0
16 13 1190.0
97 42 2094.0
89 45 3268.0
34 61 2252.0
6 71 1996.0
96 64 1087.0
89 94 2173.0
63 27 235.0
37 39 877.0
17 96 221.0
51 24 856.0
6 42 546.0
43 79 2363.0
98 24 2617.0
9 28 366.0
98 3 2630.0
98 2 817.0
78 76 1460.0
69 60 1349.0
89 93 2679.0
4 22 2308.0
29 28 338.0
82 20 2000.0
85 12 296.0
65 75 1773.0
53 35 1952.0
8 30 60.0
78 50 1083.0
84 75 1387.0
62 91 3363.0
45 59 1882.0
69 37 1484.0
74 97 1378.0
36 69 3100.0
73 38 2911.0
12 44 455.0
54 94 2339.0
34 59 1041.0
91 89 2896.0
26 31 1086.0
84 62 2025.0
88 83 3465.0
47 38 3089.0
72 5 634.0
85 11 3273.0
50 93 2171.0
11 3 3231.0
4 59 866.0
73 87 2084.0
92 72 2360.0
69 39 3277.0
55 2 2743.0
90 20 953.0
8 97 2176.0
28 95 1973.0
21 61 9.0
90 76 155.0
84 7 2148.0
58 62 2703.0
8 89 1220.0
67 22 771.0
15 18 353.0
47 66 3125.0
72 83 1098.0
36 13 16.0
27 55 775.0
16 95 3307.0
46 29 1581.0
97 34 1655.0
26 32 2149.0
16 87 1378.0
51 99 421.0
40 8 1560.0
3 22 2653.0
97 7 3304.0
99 94 3350.0
71 70 1697.0
74 51 1934.0
1 38 1068.0
84 23 2661.0
93 40 2749.0
86 80 533.0
43 2 64.0
15 88 1414.0
9 70 1833.0
73 2 2094.0
70 51 598.0
70 98 3221.0
10 25 295.0
43 7 704.0
65 82 1285.0
13 19 237.0
29 45 1655.0
53 96 3174.0
46 85 1763.0
64 49 1382.0
93 38 610.0
49 28 2815.0
63 38 3415.0
58 25 1319.0
64 21 2114.0
72 74 3200.0
60 47 229.0
88 36 84.0
9 76 3328.0
35 8 1827.0
24 66 2320.0
4 79 3337.0
7 59 1374.0
89 73 2308.0
73 1 1767.0
63 8 2735.0
52 26 1512.0
54 86 790.0
26 91 1026.0
30 1 604.0
87 94 3067.0
13 2 2182.0
1 40 560.0
41 13 3368.0
100 16 1007.0
9 54 1505.0
44 72 128.0
17 88 107.0
67 74 1748.0
47 86 1110.0
16 35 1397.0
56 44 1117.0
83 15 2522.0
12 25 2747.0
23 73 2221.0
44 13 1499.0
3 26 634.0
17 62 382.0
32 92 950.0
81 40 1898.0
17 11 1830.0
67 62 1286.0
57 18 3076.0
56 62 1820.0
77 99 574.0
5 89 2144.0
30 41 3460.0
6 29 1174.0
52 46 2062.0
48 7 1257.0
44 98 3053.0
60 36 155.0
44 57 1187.0
87 37 896.0
23 14 2363.0
27 41 2767.0
53 65 419.0
20 76 3010.0
91 63 3.0
64 17 1392.0
37 62 1203.0
90 42 2619.0
39 66 1355.0
96 91 1969.0
95 33 460.0
58 24 3457.0
87 62 3156.0
87 6 627.0
28 65 3097.0
5 1 414.0
58 83 1824.0
33 63 1527.0
30 7 2166.0
12 68 1243.0
47 14 2940.0
91 73 2818.0
55 32 3320.0
15 98 599.0
11 83 480.0
13 50 2592.0
78 1 1726.0
47 78 376.0
21 47 2588.0
71 53 2396.0
4 58 2923.0
23 97 3111.0
33 37 1748.0
51 26 684.0
25 70 479.0
77 68 289.0
35 47 271.0
60 67 1470.0
77 3 1538.0
79 34 630.0
71 39 2790.0
25 5 674.0
83 96 934.0
46 11 602.0
99 21 3282.0
55 53 1617.0
98 86 876.0
40 20 1840.0
59 39 2698.0
40 68 537.0
75 95 1683.0
61 86 488.0
14 87 235.0
13 42 3096.0
80 34 3097.0
45 78 571.0
65 43 1849.0
11 27 3281.0
94 43 874.0
29 81 1315.0
24 76 971.0
33 51 350.0
51 50 1943.0
62 19 2530.0
30 27 1046.0
65 91 1168.0
69 2 3183.0
44 34 1559.0
63 36 3254.0
98 29 2813.0
31 100 3323.0
89 33 1416.0
37 64 2788.0
77 13 841.0
61 1 2882.0
8 60 1307.0
41 38 1051.0
11 54 1581.0
37 82 1883.0
89 41 1721.0
53 46 1648.0
89 23 3419.0
87 47 598.0
73 15 3159.0
1 62 389.0
49 52 255.0
45 6 2054.0
96 78 1142.0
5 19 160.0
6 24 2625.0
17 21 925.0
93 91 675.0
38 48 1017.0
23 16 1555.0
81 86 948.0
73 33 2153.0
67 85 1914.0
94 19 1915.0
53 31 77.0
49 99 517.0
56 36 2753.0
27 76 3250.0
11 68 1204.0
58 63 1885.0
14 46 2266.0
39 98 540.0
88 16 2884.0
14 6 783.0
70 21 2975.0
15 90 1684.0
97 65 1247.0
82 53 1249.0
59 46 997.0
27 68 1607.0
79 49 1398.0
7 38 1054.0
1 26 964.0
22 89 1254.0
11 33 854.0
92 99 3229.0
78 3 285.0
39 46 3444.0
2 76 1356.0
11 51 3206.0
44 73 957.0
54 10 875.0
87 76 101.0
80 33 17.0
30 35 1601.0
63 51 1708.0
55 39 2859.0
80 31 234.0
97 62 857.0
4 98 874.0
11 34 3306.0
36 19 553.0
3 14 2665.0
89 19 3158.0
8 98 2496.0
56 63 3288.0
79 87 1677.0
91 42 971.0
61 39 1871.0
89 44 2582.0
61 92 1294.0
68 100 2756.0
27 79 2565.0
51 6 2879.0
38 84 2655.0
53 33 2865.0
18 55 2999.0
74 7 728.0
96 36 3300.0
83 49 3350.0
1 59 1938.0
88 12 1241.0
31 96 3344.0
24 64 718.0
29 65 1687.0
8 68 2517.0
21 2 405.0
23 60 2143.0
59 10 2818.0
74 73 3221.0
85 68 2575.0
95 37 3223.0
38 89 2254.0
7 60 1980.0
41 17 3267.0
48 43 1545.0
29 72 1064.0
79 62 2857.0
81 26 913.0
8 62 2600.0
75 78 2349.0
86 55 3161.0
84 96 2651.0
88 2 1290.0
11 86 2548.0
75 54 2300.0
37 78 1923.0
8 22 1683.0
73 90 887.0
40 95 2939.0
96 27 1765.0
25 51 2743.0
96 79 3281.0
69 52 2289.0
10 22 560.0
97 64 3121.0
25 54 1916.0
15 36 1579.0
56 79 868.0
47 68 885.0
28 66 476.0
94 15 2337.0
32 54 2135.0
72 46 3288.0
26 66 380.0
7 6 1529.0
70 41 2571.0
9 23 2759.0
15 21 2445.0
42 26 2119.0
16 52 901.0
14 2 1984.0
6 88 773.0
32 76 1313.0
7 61 1645.0
65 41 1814.0
48 88 2923.0
19 37 2618.0
73 43 2689.0
48 85 1107.0
23 3 1164.0
92 90 1578.0
52 62 1568.0
54 74 3120.0
91 16 844.0
27 94 798.0
46 78 2753.0
77 76 2790.0
10 38 2413.0
62 70 943.0
95 84 1529.0
35 68 1397.0
36 31 2861.0
69 58 2349.0
15 64 1173.0
16 68 681.0
66 56 1083.0
8 17 316.0
42 92 2335.0
20 66 1167.0
85 97 1656.0
100 55 2676.0
43 5 2866.0
24 36 1902.0
80 38 1972.0
72 3 734.0
30 77 2532.0
19 7 1825.0
42 54 1005.0
20 53 1072.0
95 15 625.0
3 43 1463.0
97 32 1347.0
82 31 926.0
63 85 1777.0
70 85 565.0
35 82 100.0
47 43 134.0
23 59 136.0
86 45 2598.0
31 2 3309.0
38 30 2805.0
78 43 454.0
70 69 345.0
78 93 2296.0
57 26 35.0
35 66 560.0
87 65 26.0
37 91 1017.0
13 14 1871.0
67 91 1841.0
42 66 1136.0
20 3 2067.0
46 98 2388.0
5 44 1656.0
80 81 1881.0
75 98 1817.0
68 4 1325.0
59 36 3216.0
17 20 945.0
66 100 362.0
13 73 628.0
97 87 1767.0
31 88 270.0
1 2 2247.0
91 25 2989.0
56 59 1050.0
29 49 28.0
86 59 1605.0
11 16 1631.0
14 84 3034.0
79 58 2353.0
62 40 1475.0
8 61 1290.0
31 33 3006.0
62 68 1158.0
49 63 2505.0
51 22 1187.0
92 94 3343.0
8 44 3229.0
64 30 1804.0
8 11 869.0
2 89 2465.0
52 38 1955.0
22 87 2131.0
57 59 1636.0
56 49 320.0
18 70 692.0
64 47 2669.0
53 40 3432.0
100 93 1766.0
92 19 2725.0
21 10 2463.0
68 76 1498.0
30 47 1274.0
12 1 3343.0
48 2 1470.0
59 42 1033.0
78 67 2954.0
48 96 1909.0
66 48 3088.0
37 22 181.0
27 18 2433.0
70 88 1657.0
91 11 1523.0
81 55 759.0
88 58 2665.0
5 52 1129.0
50 49 596.0
79 6 2392.0
62 36 316.0
22 94 1138.0
61 31 2464.0
57 16 705.0
13 80 354.0
16 10 1143.0
1 58 864.0
97 33 2627.0
7 69 271.0
79 12 1531.0
14 37 3141.0
14 17 2618.0
82 3 1973.0
10 79 3.0
44 75 979.0
14 27 1461.0
62 77 3391.0
42 22 3100.0
23 29 3321.0
77 16 1600.0
3 73 1400.0
37 60 1817.0
58 23 1911.0
77 89 938.0
24 96 3440.0
84 48 2396.0
85 40 1474.0
42 33 736.0
73 86 2125.0
4 28 1202.0
29 8 1122.0
27 9 2093.0
40 23 2749.0
89 99 1361.0
44 2 990.0
45 25 956.0
30 19 512.0
13 46 2277.0
31 54 3359.0
14 62 362.0
17 68 1673.0
4 49 508.0
9 92 2356.0
38 91 3387.0
43 68 612.0
2 70 2038.0
93 77 1579.0
8 86 129.0
54 20 1586.0
71 2 3040.0
87 18 1469.0
79 29 138.0
67 51 1005.0
57 93 1447.0
5 71 6.0
97 80 2389.0
87 9 2107.0
51 64 387.0
3 94 189.0
64 1 2199.0
1 25 2598.0
8 77 2441.0
49 61 1244.0
89 76 3450.0
16 40 2316.0
19 66 44.0
52 1 1578.0
71 29 3291.0
31 58 988.0
27 7 3094.0
84 66 2102.0
6 53 3367.0
46 63 852.0
94 82 2790.0
50 37 698.0
15 27 3319.0
25 26 2852.0
7 85 1531.0
94 26 712.0
83 43 262.0
38 34 1988.0
100 51 404.0
18 92 881.0
24 81 3131.0
16 81 3061.0
79 11 2830.0
81 47 1563.0
66 45 528.0
49 7 1899.0
48 41 178.0
68 46 2359.0
3 34 1290.0
85 76 2900.0
14 85 3046.0
82 19 373.0
54 21 742.0
12 69 1033.0
75 53 2958.0
93 27 1890.0
74 46 3217.0
93 64 1928.0
49 23 1959.0
13 6 1265.0
98 79 1742.0
71 21 1411.0
17 56 1931.0
40 66 510.0
42 27 2416.0
63 67 698.0
62 51 2833.0
80 83 1667.0
80 16 3316.0
3 6 21.0
67 76 462.0
76 88 729.0
15 91 1082.0
48 9 753.0
62 35 526.0
2 18 2106.0
36 100 1672.0
68 31 1246.0
18 3 1025.0
19 96 1571.0
77 75 241.0
7 53 2083.0
71 100 2127.0
35 25 1697.0
25 4 3322.0
17 32 1663.0
95 96 2339.0
2 33 1235.0
80 51 1641.0
53 2 2040.0
19 81 2627.0
95 78 855.0
43 100 1002.0
42 55 215.0
84 27 1409.0
100 11 1892.0
99 17 878.0
40 14 326.0
67 77 1119.0
63 92 9.0
65 81 2041.0
46 23 1765.0
57 98 781.0
42 83 639.0
94 76 1162.0
78 21 3058.0
50 85 851.0
66 6 806.0
55 94 3017.0
5 7 2730.0
95 41 1159.0
42 23 2522.0
35 33 846.0
75 87 749.0
54 59 1255.0
93 24 2839.0
49 27 121.0
51 61 234.0
87 88 251.0
92 21 1943.0
34 39 1597.0
29 77 536.0
35 55 2735.0
16 71 1701.0
20 22 2536.0
15 74 211.0
41 97 74.0
42 12 1233.0
97 9 3348.0
70 87 1381.0
18 68 2674.0
100 34 761.0
2 67 2656.0
96 89 1978.0
93 35 2936.0
57 68 1175.0
64 62 2389.0
12 16 2057.0
97 18 947.0
94 80 2105.0
45 12 1242.0
52 17 2357.0
19 4 3018.0
34 33 540.0
45 70 3376.0
63 12 3169.0
58 68 2375.0
25 42 574.0
39 58 539.0
96 82 685.0
50 26 884.0
89 80 459.0
25 71 525.0
5 73 1051.0
75 70 2751.0
100 99 1457.0
32 30 1377.0
20 46 1598.0
47 5 1051.0
16 45 2147.0
97 12 542.0
17 18 2999.0
9 98 2355.0
82 25 1492.0
5 91 1105.0
12 3 1953.0
89 12 1136.0
39 35 2706.0
71 55 2743.0
45 36 128.0
71 15 3175.0
1 34 390.0
69 4 2126.0
19 11 2541.0
69 24 2817.0
70 23 2296.0
82 24 1221.0
89 17 2124.0
93 12 1429.0
15 50 2699.0
4 90 617.0
30 82 1818.0
41 79 1549.0
50 54 1447.0
7 10 2350.0
63 77 2985.0
52 32 2119.0
41 90 1728.0
91 31 1943.0
20 98 1828.0
3 88 2597.0
53 16 2127.0
30 36 980.0
8 76 2668.0
64 61 1486.0
67 46 910.0
62 83 3450.0
52 89 2104.0
87 33 2472.0
85 92 2682.0
64 76 2887.0
12 31 2011.0
6 84 2546.0
15 6 2478.0
56 32 2055.0
28 86 325.0
61 89 1189.0
52 80 1775.0
90 69 2438.0
44 55 1966.0
80 98 499.0
40 31 1298.0
4 55 2051.0
66 67 855.0
50 4 3204.0
75 18 128.0
45 39 2265.0
18 76 1088.0
43 14 1307.0
99 36 694.0
46 26 3268.0
14 69 1658.0
14 26 3405.0
15 29 3396.0
62 48 2688.0
36 21 334.0
4 5 1642.0
21 18 1770.0
51 85 1030.0
38 2 401.0
89 42 1178.0
35 15 2372.0
99 97 1622.0
85 86 1614.0
81 7 3229.0
93 23 593.0
56 47 1057.0
59 82 2789.0
26 58 2324.0
39 95 883.0
60 49 1991.0
38 17 864.0
60 91 1121.0
64 99 1671.0
91 80 143.0
11 45 2553.0
68 65 270.0
90 31 2168.0
40 58 317.0
68 22 2269.0
86 83 2154.0
27 54 1010.0
37 99 840.0
88 22 1330.0
74 41 3015.0
46 76 834.0
69 81 441.0
50 77 2272.0
40 36 741.0
28 40 1876.0
98 26 844.0
57 49 884.0
72 19 1869.0
30 43 2994.0
45 1 1116.0
34 67 939.0
32 53 1142.0
75 58 459.0
73 10 2974.0
68 50 351.0
1 23 896.0
4 64 3342.0
1 55 999.0
67 8 845.0
38 23 173.0
86 21 2942.0
86 9 1017.0
52 63 584.0
63 18 2436.0
66 77 1421.0
73 94 169.0
89 74 1418.0
88 91 3016.0
88 39 3191.0
56 23 2266.0
97 24 25.0
35 70 1434.0
41 64 358.0
17 57 210.0
13 96 410.0
31 51 1074.0
90 35 2265.0
77 80 1014.0
11 48 1005.0
19 17 3019.0
75 63 3009.0
65 42 386.0
85 59 2939.0
33 40 3289.0
20 62 3370.0
90 22 1404.0
69 6 3303.0
43 33 2543.0
35 43 551.0
80 20 1605.0
99 78 611.0
75 85 200.0
61 78 385.0
67 73 1557.0
62 74 1863.0
25 93 3215.0
42 71 64.0
6 80 2004.0
17 3 1504.0
81 38 1907.0
21 74 3188.0
42 72 1339.0
22 25 5.0
88 64 98.0
36 16 2605.0
96 43 1918.0
27 34 1305.0
15 37 225.0
23 36 714.0
57 81 1358.0
54 53 1496.0
44 38 1676.0
8 53 2127.0
27 38 650.0
57 19 2529.0
27 19 3440.0
70 73 1092.0
18 46 611.0
18 61 1589.0
68 59 3037.0
38 15 2108.0
54 43 1746.0
95 53 1582.0
60 90 140.0
33 59 1111.0
51 98 3443.0
59 64 1692.0
12 13 564.0
18 82 1830.0
41 21 2809.0
25 98 3077.0
74 45 700.0
2 17 1111.0
17 15 1270.0
72 73 169.0
44 95 2743.0
86 89 1795.0
54 85 1880.0
38 32 1485.0
45 57 2951.0
25 87 332.0
92 60 617.0
76 14 662.0
3 30 730.0
5 48 2993.0
88 18 2408.0
91 8 2129.0
70 66 2196.0
57 35 2360.0
99 33 2807.0
55 26 291.0
1 28 997.0
30 45 2174.0
43 84 2286.0
25 59 2942.0
67 70 478.0
58 66 1859.0
4 40 2395.0
90 70 1853.0
36 11 290.0
73 65 1909.0
38 66 1865.0
67 96 1304.0
92 49 677.0
39 20 259.0
64 18 1863.0
50 67 1905.0
100 97 2364.0
13 1 514.0
79 91 2371.0
91 99 3406.0
45 32 2083.0
3 55 1418.0
98 61 2489.0
3 24 2142.0
16 51 3427.0
69 80 2289.0
27 60 3274.0
84 72 2504.0
18 40 27.0
16 25 2223.0
76 19 1974.0
48 61 1224.0
37 66 488.0
29 16 194.0
26 74 145.0
48 74 3006.0
43 77 1981.0
81 54 957.0
43 40 1809.0
24 16 2354.0
42 21 2230.0
92 45 2606.0
8 70 1139.0
80 17 3016.0
33 24 3283.0
48 32 3432.0
51 43 1221.0
81 68 223.0
60 59 3427.0
47 11 154.0
22 16 2724.0
68 10 1355.0
65 98 2565.0
28 82 780.0
91 84 2047.0
48 34 2946.0
94 58 2822.0
32 73 291.0
93 51 2105.0
65 80 1475.0
29 51 2123.0
80 40 3056.0
49 20 887.0
54 60 3420.0
99 1 2093.0
89 100 1807.0
63 41 72.0
61 62 3440.0
52 68 137.0
73 78 2169.0
11 70 209.0
96 63 2881.0
70 86 2477.0
10 12 2091.0
4 74 1906.0
95 68 3453.0
46 58 2259.0
66 46 968.0
87 31 1567.0
76 12 1723.0
98 7 1056.0
90 29 358.0
68 38 3147.0
61 24 3120.0
83 26 3424.0
22 46 3408.0
71 84 1770.0
79 65 2609.0
33 76 762.0
64 33 2598.0
19 59 2509.0
41 99 1220.0
96 70 1070.0
62 99 3398.0
12 74 735.0
24 21 2376.0
40 91 536.0
57 77 3449.0
35 92 616.0
51 27 2462.0
85 33 907.0
28 64 2824.0
44 19 3101.0
37 30 92.0
1 17 559.0
24 77 2006.0
9 91 1775.0
20 21 3135.0
81 90 3138.0
4 62 3160.0
32 83 502.0
1 100 113.0
7 13 3122.0
44 79 1144.0
79 61 1828.0
95 9 1491.0
20 77 720.0
17 100 2130.0
41 7 3108.0
19 51 2293.0
81 36 305.0
56 31 1551.0
28 46 1841.0
31 48 554.0
73 14 446.0
64 67 331.0
83 2 2139.0
71 77 572.0
72 4 2637.0
37 90 2859.0
60 100 813.0
48 22 3392.0
85 29 287.0
32 8 862.0
29 26 2396.0
12 27 2905.0
48 26 1166.0
85 34 1999.0
20 68 2529.0
100 37 1057.0
77 37 843.0
1 37 2027.0
77 49 248.0
18 56 2139.0
5 62 1653.0
89 36 2939.0
77 27 597.0
72 70 955.0
25 14 2449.0
44 67 1476.0
46 88 629.0
52 30 2843.0
67 53 2754.0
6 58 1760.0
15 63 3138.0
14 42 2744.0
59 30 1685.0
93 66 2640.0
59 69 3049.0
98 45 835.0
65 13 3304.0
72 100 2281.0
32 90 3264.0
67 37 2467.0
65 70 3221.0
4 80 2782.0
41 73 1735.0
78 68 3445.0
2 68 758.0
73 82 2041.0
39 49 1728.0
48 3 276.0
10 85 3390.0
46 15 1740.0
42 41 2304.0
59 6 2757.0
54 26 2410.0
96 11 3076.0
72 22 3197.0
84 22 1137.0
66 21 2076.0
37 80 2615.0
21 62 2972.0
25 73 1808.0
45 83 2337.0
86 74 1761.0
53 58 1473.0
5 96 674.0
92 30 3452.0
18 91 2084.0
64 3 2466.0
70 52 1936.0
72 49 584.0
24 90 881.0
87 55 3264.0
16 67 329.0
32 67 2850.0
57 9 2013.0
32 46 1735.0
33 94 2733.0
49 6 581.0
100 32 2060.0
87 54 658.0
81 12 931.0
59 43 507.0
44 68 1255.0
63 95 6.0
85 65 3077.0
20 10 1008.0
90 5 3332.0
88 56 617.0
85 30 779.0
78 52 753.0
21 38 1999.0
21 69 1661.0
78 56 3261.0
5 97 2863.0
54 36 1097.0
28 89 862.0
64 57 1799.0
31 76 317.0
33 23 2573.0
84 5 3134.0
99 48 1294.0
74 30 1308.0
84 33 2687.0
93 13 2741.0
85 27 392.0
20 55 485.0
83 81 447.0
39 70 3436.0
5 92 1700.0
36 52 1789.0
12 22 2418.0
45 97 1605.0
20 79 103.0
64 66 2609.0
48 77 2631.0
11 31 2239.0
57 51 3182.0
95 89 1250.0
54 48 1497.0
83 95 1014.0
32 61 70.0
44 32 2022.0
48 97 280.0
18 32 1350.0
93 95 2333.0
40 75 134.0
94 4 1634.0
8 57 2803.0
31 97 1356.0
35 58 2264.0
5 99 2604.0
72 69 675.0
94 69 617.0
92 68 3432.0
76 53 1287.0
59 50 2621.0
85 5 1784.0
64 82 494.0
36 82 3165.0
28 5 2853.0
27 90 539.0
57 21 3436.0
97 47 1735.0
48 75 1364.0
57 63 1970.0
74 70 438.0
21 16 3449.0
64 48 1685.0
16 31 3105.0
15 19 1530.0
37 41 190.0
56 89 958.0
86 72 3389.0
25 57 3219.0
79 81 2077.0
81 2 710.0
94 63 570.0
24 56 2265.0
24 59 2393.0
86 91 444.0
50 8 872.0
37 17 831.0
53 39 260.0
59 66 2845.0
19 53 620.0
92 86 846.0
14 1 844.0
3 21 1300.0
17 29 3428.0
47 49 1537.0
55 99 904.0
67 58 2327.0
66 9 1498.0
69 74 1951.0
81 60 1752.0
5 54 3196.0
12 96 855.0
98 83 616.0
16 54 2436.0
14 74 3336.0
33 100 1513.0
1 80 1221.0
9 51 1793.0
100 84 1964.0
78 97 1017.0
73 40 1647.0
84 73 1750.0
20 42 102.0
32 5 2230.0
54 39 2610.0
94 57 2515.0
84 86 3274.0
53 23 621.0
71 10 415.0
44 70 665.0
48 39 1282.0
26 22 2859.0
84 69 925.0
55 17 2072.0
49 19 2713.0
61 58 3371.0
94 81 850.0
6 89 1234.0
38 55 529.0
74 58 2656.0
80 25 418.0
20 31 1254.0
18 30 2128.0
95 8 2978.0
55 28 1945.0
6 60 957.0
31 93 993.0
97 86 2563.0
71 13 2188.0
34 29 3322.0
11 21 910.0
58 3 3216.0
78 4 225.0
7 95 2298.0
6 56 2156.0
80 71 1921.0
38 18 277.0
43 45 1896.0
21 60 220.0
31 19 3387.0
84 85 3173.0
85 96 268.0
77 60 1809.0
94 12 1996.0
81 35 2159.0
49 69 2376.0
81 23 34.0
37 68 954.0
47 28 1797.0
67 28 1049.0
72 81 2713.0
38 24 2109.0
26 70 645.0
61 53 496.0
56 14 1192.0
98 13 2383.0
77 84 3269.0
41 28 3183.0
25 61 2267.0
24 9 3155.0
35 45 494.0
14 20 952.0
61 37 2182.0
23 72 3400.0
99 66 1554.0
95 24 2250.0
72 50 2419.0
18 58 286.0
31 49 1677.0
64 58 2997.0
33 79 409.0
85 100 3262.0
92 50 853.0
34 45 1315.0
38 54 284.0
94 50 3214.0
48 30 2560.0
63 81 1125.0
46 1 832.0
67 100 1155.0
39 2 3276.0
99 76 847.0
61 97 620.0
71 17 2825.0
92 53 2947.0
40 22 915.0
45 20 3089.0
2 16 442.0
100 53 2679.0
46 55 1024.0
52 83 183.0
37 32 1494.0
25 55 228.0
95 12 1429.0
13 10 3016.0
51 79 1986.0
16 27 2179.0
49 68 431.0
12 32 3379.0
70 99 2716.0
100 58 362.0
72 55 3418.0
8 19 1222.0
34 2 3093.0
38 67 610.0
57 61 1736.0
33 52 3140.0
2 79 974.0
83 27 1409.0
24 31 1086.0
74 32 1541.0
75 88 983.0
15 45 2818.0
14 55 511.0
54 17 1035.0
87 93 1563.0
62 75 1186.0
55 8 2174.0
37 34 2967.0
65 6 2372.0
14 36 2637.0
10 93 2088.0
3 85 2957.0
5 49 1317.0
59 48 1618.0
32 6 1551.0
48 18 567.0
22 97 901.0
59 61 1575.0
35 75 1294.0
37 53 3340.0
67 82 1065.0
67 68 1645.0
57 99 2118.0
97 43 2154.0
42 47 327.0
53 79 3020.0
22 71 2.0
94 29 3193.0
1 86 907.0
3 81 1280.0
24 52 3202.0
30 10 2692.0
70 36 1602.0
11 40 213.0
82 71 2924.0
91 69 444.0
61 88 1333.0
72 32 2860.0
77 86 2130.0
83 23 315.0
5 26 3297.0
89 84 2279.0
65 78 135.0
79 21 2093.0
14 83 2079.0
43 53 167.0
56 71 1557.0
74 80 1273.0
26 18 1272.0
100 41 254.0
43 55 2789.0
48 78 1729.0
18 51 772.0
10 5 2642.0
67 45 2637.0
39 90 1401.0
96 44 115.0
1 85 2276.0
92 56 1720.0
4 7 1498.0
89 10 996.0
87 2 2026.0
16 26 306.0
52 29 1853.0
43 16 439.0
12 50 1689.0
17 70 1856.0
27 57 25.0
47 92 1014.0
23 34 2869.0
58 9 3142.0
10 49 1560.0
64 22 3297.0
19 6 1189.0
17 98 1739.0
23 95 725.0
17 45 2130.0
89 40 2339.0
29 33 3226.0
41 93 2062.0
7 42 166.0
27 56 1517.0
74 8 2802.0
85 82 723.0
31 27 484.0
42 32 2547.0
79 23 2923.0
73 8 2903.0
63 82 962.0
77 18 273.0
12 34 2388.0
3 39 3210.0
62 47 1328.0
41 77 1277.0
30 54 218.0
96 38 330.0
18 34 693.0
74 77 1057.0
98 14 2627.0
16 97 1.0
66 17 180.0
89 88 338.0
98 49 1877.0
43 71 2972.0
39 15 2287.0
20 4 48.0
22 9 3044.0
35 1 2437.0
63 29 2405.0
8 65 3063.0
46 73 1683.0
37 8 177.0
55 70 919.0
9 31 225.0
46 33 1996.0
11 14 466.0
87 44 1834.0
81 99 203.0
22 39 188.0
46 8 1975.0
10 1 2807.0
3 25 2683.0
50 52 3072.0
19 93 3354.0
49 94 2234.0
56 21 62.0
42 74 1335.0
57 66 32.0
42 56 829.0
49 43 2269.0
64 98 31.0
19 70 1750.0
97 52 1171.0
20 75 1006.0
43 18 2810.0
9 29 3086.0
76 6 1026.0
42 96 282.0
88 72 1254.0
41 5 59.0
78 31 1620.0
36 3 602.0
8 56 2800.0
75 31 3258.0
100 94 1031.0
87 52 189.0
50 21 3065.0
86 57 1685.0
2 50 159.0
67 42 428.0
42 93 404.0
7 86 2156.0
47 93 2189.0
97 14 501.0
100 75 856.0
40 83 1328.0
53 91 529.0
69 38 1092.0
34 98 1783.0
16 7 1626.0
63 1 105.0
9 77 2341.0
28 52 2887.0
44 22 3147.0
83 63 2127.0
10 92 297.0
68 74 1352.0
27 4 3045.0
35 12 1357.0
85 73 1285.0
57 23 3350.0
9 30 1850.0
18 71 988.0
80 95 2329.0
34 54 2439.0
51 46 838.0
35 71 2662.0
90 91 2612.0
50 36 2206.0
91 87 493.0
9 36 484.0
7 17 2779.0
7 78 3301.0
64 26 3041.0
65 56 2224.0
14 89 2187.0
42 57 1839.0
98 43 3262.0
23 88 3233.0
38 4 2460.0
60 82 1924.0
76 35 1874.0
93 34 2077.0
44 78 1815.0
7 62 1282.0
28 15 974.0
98 42 1825.0
54 99 1165.0
48 33 3130.0
12 40 1126.0
68 21 2173.0
72 35 1478.0
77 44 919.0
62 86 146.0
34 73 1136.0
99 7 630.0
73 80 294.0
34 71 514.0
1 72 3450.0
3 53 1691.0
49 58 1957.0
6 34 3088.0
27 44 1311.0
30 57 1157.0
62 81 2399.0
18 20 2709.0
66 88 2727.0
28 23 1380.0
73 71 1940.0
78 63 435.0
87 83 3344.0
21 23 1319.0
48 73 942.0
66 71 1954.0
70 82 2963.0
52 94 1912.0
47 61 567.0
37 98 1791.0
87 86 3099.0
42 80 2906.0
16 38 2518.0
11 38 821.0
49 67 1564.0
76 57 3189.0
85 83 1140.0
75 55 2339.0
58 90 928.0
85 9 2802.0
9 96 3275.0
10 28 1313.0
76 59 943.0
6 40 1165.0
23 100 2408.0
86 36 56.0
4 32 2969.0
14 24 495.0
38 29 2845.0
85 21 2985.0
78 35 3083.0
96 77 2842.0
77 85 2753.0
91 85 2752.0
44 49 148.0
82 13 1315.0
28 57 1332.0
14 32 409.0
46 25 2250.0
22 35 2218.0
8 9 112.0
43 63 381.0
73 6 2415.0
41 24 3277.0
78 72 2173.0
61 41 2028.0
59 58 2298.0
10 65 580.0
21 73 276.0
71 12 1549.0
53 59 1639.0
61 30 592.0
48 40 2532.0
62 16 1900.0
100 15 2975.0
97 10 2654.0
11 22 3373.0
95 4 1456.0
67 72 1094.0
81 49 3402.0
3 69 897.0
56 69 214.0
47 94 1889.0
10 44 1295.0
58 29 1440.0
32 19 2561.0
56 33 2345.0
89 16 1562.0
100 73 2620.0
12 41 546.0
75 24 1604.0
90 11 3056.0
56 82 1383.0
65 66 2703.0
90 55 2298.0
50 17 673.0
30 24 2898.0
64 73 1622.0
51 71 2684.0
13 55 2580.0
42 17 1590.0
51 13 1310.0
27 26 1962.0
17 58 631.0
51 91 315.0
28 79 746.0
82 79 2467.0
54 58 1123.0
67 30 1561.0
41 40 3105.0
58 15 1890.0
46 43 2800.0
27 25 2004.0
100 8 3112.0
75 61 3095.0
63 6 3224.0
71 85 1799.0
24 88 454.0
28 91 1569.0
26 75 1162.0
33 98 2976.0
49 73 1084.0
12 6 1100.0
25 66 2174.0
64 35 1669.0
9 15 3244.0
8 41 1576.0
16 1 1313.0
46 61 1242.0
15 40 2779.0
94 61 495.0
19 87 734.0
96 62 686.0
92 1 2827.0
76 17 1122.0
37 63 2148.0
12 90 2820.0
42 77 2740.0
47 23 1135.0
35 36 2000.0
91 27 1489.0
74 98 469.0
82 69 356.0
44 99 2039.0
8 36 2624.0
56 48 2869.0
63 62 223.0
13 15 219.0
99 83 778.0
32 75 207.0
91 32 805.0
23 82 1214.0
24 15 2539.0
39 87 1936.0
57 41 1050.0
67 3 1903.0
53 74 957.0
2 35 3404.0
58 16 139.0
54 57 872.0
90 43 1114.0
75 27 1664.0
21 1 1807.0
68 66 1886.0
57 46 725.0
84 29 3268.0
72 52 2543.0
13 47 940.0
53 90 535.0
55 59 1085.0
25 38 1778.0
24 54 3155.0
32 34 1293.0
50 10 401.0
64 16 3058.0
4 52 814.0
11 20 931.0
13 27 2897.0
99 52 3284.0
26 67 346.0
54 90 308.0
60 29 2795.0
18 5 1971.0
45 21 1556.0
36 26 871.0
81 84 2863.0
31 25 3257.0
17 26 108.0
80 84 231.0
25 92 797.0
72 51 3239.0
76 63 2740.0
76 48 2609.0
44 48 1752.0
82 12 2538.0
100 91 3399.0
1 89 2986.0
69 95 1362.0
61 50 982.0
65 7 1589.0
32 27 2414.0
19 14 2561.0
5 67 2311.0
11 43 101.0
26 11 3380.0
15 66 655.0
91 19 662.0
87 20 2313.0
75 3 3141.0
97 35 1538.0
98 92 493.0
10 64 256.0
6 9 2691.0
85 98 2206.0
69 61 3444.0
53 89 3345.0
63 23 1810.0
94 83 1835.0
43 58 2770.0
66 49 3308.0
47 95 2393.0
9 45 3029.0
13 11 1397.0
67 17 3024.0
8 12 2308.0
86 99 3237.0
58 48 740.0
66 5 1627.0
84 59 2729.0
40 61 2062.0
20 29 2279.0
32 99 3270.0
29 92 2309.0
28 81 2211.0
29 48 157.0
2 41 1465.0
84 3 2724.0
16 61 1562.0
51 30 2836.0
5 93 1420.0
98 28 2525.0
32 41 3267.0
85 22 562.0
89 27 2436.0
89 24 323.0
5 12 687.0
55 63 2742.0
9 21 789.0
27 10 1928.0
3 1 982.0
55 31 2373.0
21 97 2973.0
24 50 931.0
73 37 1583.0
15 5 3010.0
72 37 2556.0
8 18 2759.0
95 98 1523.0
91 36 1510.0
45 37 1753.0
18 22 3458.0
50 31 2629.0
38 12 1877.0
37 5 751.0
82 11 637.0
47 72 3464.0
47 85 2633.0
65 3 2293.0
38 36 722.0
31 71 3421.0
7 79 3039.0
71 86 1074.0
32 13 96.0
94 41 2638.0
87 89 2080.0
5 63 974.0
94 38 899.0
72 26 1150.0
46 44 1972.0
82 97 386.0
63 98 1613.0
26 39 1043.0
80 75 344.0
39 56 2987.0
13 95 591.0
88 67 3162.0
33 86 14.0
24 19 3189.0
99 53 213.0
41 1 3137.0
97 79 2731.0
30 31 176.0
90 44 2246.0
83 12 205.0
49 91 1252.0
24 39 540.0
68 63 556.0
4 53 181.0
81 67 290.0
29 70 154.0
30 84 623.0
66 51 3338.0
54 67 1502.0
95 50 2854.0
16 46 1385.0
98 47 231.0
88 37 1988.0
78 66 1981.0
96 52 2505.0
53 70 366.0
75 96 1789.0
21 37 1333.0
46 92 1406.0
35 29 542.0
91 24 2295.0
39 89 1455.0
35 80 1039.0
97 38 2871.0
63 30 3287.0
45 73 3427.0
71 90 2989.0
15 55 1921.0
40 35 1051.0
45 8 3314.0
66 50 704.0
41 82 879.0
1 56 2340.0
88 92 2535.0
27 80 1165.0
89 72 1404.0
3 61 2051.0
67 14 2666.0
81 5 2816.0
73 35 875.0
94 71 246.0
58 87 1545.0
10 96 1973.0
67 9 327.0
97 84 2663.0
30 40 3041.0
37 54 1317.0
45 14 1812.0
71 14 2552.0
44 83 1488.0
49 12 1958.0
10 75 337.0
57 15 3439.0
27 37 42.0
6 95 3176.0
81 97 2078.0
17 81 1973.0
73 81 2791.0
45 33 2874.0
7 88 2855.0
90 57 2175.0
37 20 3372.0
97 55 992.0
99 88 3142.0
40 38 1521.0
87 40 2642.0
22 56 1896.0
30 86 3169.0
95 45 189.0
62 31 548.0
45 69 754.0
17 13 983.0
20 78 3427.0
17 85 3439.0
4 13 2632.0
56 75 387.0
6 33 3416.0
43 27 3104.0
73 62 990.0
16 98 1102.0
22 21 1342.0
1 43 1988.0
22 79 617.0
13 20 955.0
15 75 1961.0
66 97 806.0
30 26 950.0
62 27 2483.0
31 13 3100.0
66 16 832.0
4 83 2856.0
87 17 1941.0
79 8 2219.0
29 19 1060.0
10 19 15.0
84 31 1060.0
97 53 258.0
38 35 1416.0
92 78 932.0
26 62 798.0
51 77 2470.0
47 26 735.0
94 13 2730.0
33 38 1346.0
76 97 30.0
29 73 1915.0
81 6 1143.0
31 38 3152.0
92 48 3007.0
72 61 501.0
52 71 2672.0
85 44 2338.0
20 86 2788.0
89 13 225.0
21 8 488.0
56 54 1229.0
13 83 126.0
31 95 786.0
34 69 131.0
6 98 3074.0
49 80 1117.0
65 34 2763.0
16 9 1859.0
92 17 701.0
14 34 2621.0
13 23 2736.0
34 17 2529.0
13 68 1602.0
59 79 677.0
29 66 3259.0
92 36 2348.0
15 32 3354.0
65 61 587.0
96 72 1977.0
66 89 2393.0
90 2 1629.0
49 8 23.0
45 24 98.0
25 68 3261.0
40 56 1138.0
4 61 1039.0
5 39 2183.0
1 74 3074.0
7 26 441.0
59 83 3079.0
7 73 2346.0
57 58 3419.0
99 30 293.0
84 61 3383.0
89 47 2308.0
14 70 2270.0
78 6 496.0
78 26 54.0
21 28 1803.0
78 74 2356.0
30 15 513.0
53 48 1790.0
43 64 636.0
32 51 1148.0
21 13 2454.0
72 91 2208.0
9 46 3431.0
30 100 3423.0
80 5 1989.0
51 34 1391.0
64 50 1861.0
96 2 2021.0
91 22 3265.0
28 97 155.0
68 84 1332.0
92 95 1013.0
94 36 2084.0
28 22 3393.0
25 97 1716.0
53 45 1843.0
75 45 2376.0
35 91 1702.0
20 72 461.0
99 9 3116.0
61 74 2908.0
59 16 164.0
47 2 2383.0
9 73 3239.0
27 73 1055.0
90 74 2149.0
67 79 448.0
67 71 2707.0
7 21 3281.0
20 25 2097.0
75 33 1481.0
96 28 1159.0
41 44 685.0
79 64 956.0
42 70 1183.0
87 28 3377.0
2 32 3268.0
55 73 2854.0
26 41 3398.0
46 34 3259.0
12 36 3056.0
32 69 3095.0
70 40 2211.0
94 65 984.0
23 90 1088.0
57 87 944.0
72 2 2945.0
33 41 1718.0
8 7 707.0
73 92 56.0
29 13 832.0
46 3 2275.0
79 25 2041.0
11 50 1138.0
82 57 2321.0
44 21 1295.0
4 70 2358.0
75 82 2142.0
26 28 3204.0
48 79 1055.0
32 96 2373.0
54 55 3380.0
52 22 1419.0
5 30 463.0
32 47 2433.0
13 97 188.0
77 5 2683.0
90 72 2595.0
32 23 1888.0
70 3 677.0
34 5 1816.0
34 76 2605.0
7 51 2118.0
18 11 2217.0
10 31 1897.0
99 72 1762.0
92 77 32.0
23 2 3398.0
54 14 599.0
76 98 2023.0
61 13 2941.0
22 82 1513.0
82 84 1292.0
92 39 2320.0
25 75 54.0
98 67 2192.0
20 85 541.0
85 18 3127.0
30 93 3340.0
88 9 2709.0
56 25 51.0
