*Vertices 100
1 "16913"
2 "16911"
3 "16984"
4 "16946"
5 "16964"
6 "16993"
7 "16935"
8 "16954"
9 "16919"
10 "16934"
11 "16943"
12 "16931"
13 "16971"
14 "16963"
15 "16942"
16 "16990"
17 "16916"
18 "16981"
19 "16909"
20 "16967"
21 "16977"
22 "16986"
23 "16930"
24 "16903"
25 "16924"
26 "16991"
27 "16912"
28 "16928"
29 "16958"
30 "16996"
31 "16957"
32 "16908"
33 "16972"
34 "16938"
35 "16926"
36 "16960"
37 "16925"
38 "16997"
39 "16961"
40 "16948"
41 "16939"
42 "16959"
43 "16929"
44 "16920"
45 "16915"
46 "16910"
47 "16936"
48 "16953"
49 "16965"
50 "16918"
51 "16921"
52 "16995"
53 "16988"
54 "16904"
55 "16937"
56 "16923"
57 "16966"
58 "16952"
59 "17000"
60 "16968"
61 "16980"
62 "16941"
63 "16982"
64 "16978"
65 "16956"
66 "16940"
67 "16932"
68 "16970"
69 "16949"
70 "16905"
71 "16933"
72 "16945"
73 "16989"
74 "16998"
75 "16987"
76 "16969"
77 "16985"
78 "16974"
79 "16976"
80 "16962"
81 "16999"
82 "16927"
83 "16973"
84 "16947"
85 "16944"
86 "16922"
87 "16992"
88 "16901"
89 "16914"
90 "16975"
91 "16906"
92 "16917"
93 "16950"
94 "16902"
95 "16983"
96 "16907"
97 "16955"
98 "16979"
99 "16994"
100 "16951"
*Edges
78 8 1912.0
89 86 699.0
36 93 1286.0
39 34 4184.0
52 61 351.0
24 38 140.0
36 92 3493.0
18 50 3553.0
14 17 1224.0
89 38 3748.0
58 95 3519.0
48 76 1816.0
50 81 4110.0
59 7 2706.0
62 76 4427.0
9 57 867.0
90 61 829.0
96 35 2632.0
1 26 4118.0
49 70 901.0
36 78 1619.0
76 5 1051.0
31 19 475.0
72 16 2064.0
90 18 3685.0
49 4 3049.0
45 78 253.0
92 6 4452.0
92 62 4286.0
5 56 3043.0
63 93 2588.0
49 63 4093.0
14 100 4305.0
3 34 3240.0
86 57 3620.0
98 95 2256.0
53 30 1601.0
84 63 3050.0
58 63 4273.0
11 65 887.0
63 71 2866.0
88 1 2345.0
51 33 1469.0
1 13 2107.0
67 78 508.0
36 25 3642.0
13 26 55.0
82 31 4233.0
41 3 585.0
51 81 3589.0
69 100 227.0
50 64 662.0
95 34 3197.0
89 91 2623.0
98 67 2831.0
83 53 3501.0
17 92 1776.0
86 6 403.0
52 56 3820.0
76 1 1219.0
13 53 2849.0
16 55 2548.0
26 53 2346.0
92 41 443.0
30 4 4275.0
1 66 2282.0
83 51 388.0
2 25 787.0
70 27 1213.0
79 44 2893.0
28 20 3766.0
42 48 2296.0
9 41 169.0
37 72 1925.0
75 68 1183.0
13 40 737.0
30 46 2128.0
37 15 3886.0
93 88 1734.0
71 32 1741.0
8 74 3673.0
54 60 3736.0
97 98 1080.0
98 52 1068.0
9 87 570.0
63 16 2951.0
7 49 4133.0
69 27 2031.0
52 57 2266.0
45 82 3076.0
96 26 2810.0
23 89 258.0
50 57 4288.0
24 84 2612.0
61 63 1661.0
34 56 3389.0
67 43 2596.0
76 55 942.0
99 17 2487.0
96 99 3338.0
90 62 871.0
81 39 27.0
33 53 2272.0
38 5 2855.0
40 67 2513.0
87 3 1604.0
30 58 133.0
1 11 4167.0
91 50 3165.0
28 87 2914.0
17 70 2893.0
94 69 3603.0
68 30 2182.0
8 66 3261.0
46 15 3619.0
74 75 3972.0
36 51 756.0
92 63 1314.0
6 47 3075.0
60 36 2730.0
40 72 3954.0
7 48 2809.0
50 33 556.0
37 2 2918.0
8 5 3045.0
69 97 1125.0
72 62 2601.0
20 58 3231.0
76 54 1237.0
6 46 174.0
24 51 2358.0
63 89 3328.0
6 18 3099.0
4 71 1404.0
31 69 514.0
52 79 37.0
97 51 3863.0
27 30 478.0
60 33 1980.0
26 31 2632.0
48 77 1383.0
81 96 228.0
31 91 94.0
37 80 3636.0
10 82 4028.0
97 19 4015.0
95 3 285.0
57 78 2858.0
28 32 2628.0
57 83 2057.0
26 8 3299.0
87 95 819.0
73 85 1194.0
11 42 2292.0
81 69 2665.0
63 22 1526.0
49 33 1092.0
90 87 1006.0
66 62 2038.0
82 40 2617.0
24 8 3364.0
8 59 768.0
35 46 1514.0
97 92 692.0
77 87 100.0
100 22 3718.0
48 85 820.0
6 22 2198.0
61 72 4031.0
20 71 1781.0
97 3 983.0
5 67 419.0
70 44 4112.0
87 42 819.0
49 97 1877.0
100 6 3783.0
29 13 4085.0
53 49 1766.0
59 93 1093.0
32 4 35.0
97 37 3331.0
3 37 4392.0
19 6 3814.0
97 90 1750.0
45 85 3696.0
54 30 667.0
86 36 538.0
10 35 4033.0
87 74 564.0
6 32 854.0
52 20 3572.0
33 54 1805.0
9 24 1094.0
33 17 2458.0
27 17 1827.0
39 13 4231.0
12 11 4273.0
12 65 915.0
61 82 4287.0
62 83 663.0
100 11 827.0
62 33 1149.0
59 22 876.0
47 88 3331.0
6 4 4166.0
100 51 2346.0
62 73 1934.0
30 10 2590.0
28 72 1768.0
81 22 299.0
96 32 3087.0
35 66 343.0
59 29 4280.0
61 56 2276.0
73 16 4170.0
89 31 3227.0
25 45 1803.0
87 81 248.0
50 90 3599.0
35 24 995.0
74 66 2575.0
1 22 3.0
49 26 3210.0
55 52 3830.0
83 61 1091.0
57 71 1130.0
96 75 2925.0
33 16 643.0
37 1 1189.0
41 27 1528.0
90 12 4015.0
41 10 2077.0
82 100 3603.0
41 44 870.0
44 54 3182.0
95 29 1493.0
3 9 2789.0
37 39 4025.0
80 49 4191.0
22 7 3104.0
24 54 1321.0
65 26 584.0
81 59 3298.0
35 8 3709.0
11 38 1555.0
78 29 837.0
33 87 4327.0
17 62 248.0
58 96 4036.0
75 42 3645.0
11 62 313.0
78 58 2201.0
56 20 2872.0
43 52 1441.0
14 63 4317.0
2 10 3884.0
4 96 1881.0
99 98 414.0
74 25 3999.0
47 94 3252.0
85 97 4430.0
61 8 2989.0
63 57 2377.0
57 65 2130.0
75 83 457.0
49 92 406.0
61 87 2725.0
84 87 4064.0
3 46 2072.0
64 76 3277.0
22 54 2912.0
80 68 1188.0
29 4 3784.0
71 46 3897.0
76 9 4414.0
61 60 892.0
9 97 3721.0
86 54 3524.0
94 66 2895.0
36 72 2958.0
61 86 4035.0
45 17 1919.0
12 17 2619.0
86 39 3098.0
6 45 2957.0
26 80 1859.0
54 23 1162.0
29 77 2339.0
47 100 2286.0
66 97 2830.0
86 15 3556.0
46 17 434.0
71 12 575.0
19 90 2096.0
22 87 2593.0
31 80 2322.0
40 62 2521.0
75 32 2345.0
44 38 4083.0
91 92 3709.0
50 23 3611.0
48 26 1745.0
81 38 2016.0
58 65 3144.0
92 10 1576.0
88 84 2680.0
53 70 2310.0
87 30 591.0
55 72 1282.0
60 10 2027.0
85 19 3665.0
42 4 2517.0
8 3 1345.0
44 56 155.0
16 32 1216.0
37 45 726.0
56 7 3451.0
89 46 3063.0
56 48 863.0
79 35 4267.0
35 42 1079.0
74 43 738.0
2 77 3274.0
34 76 1982.0
84 31 4058.0
4 14 1278.0
77 27 2561.0
69 30 531.0
87 5 1778.0
80 93 3982.0
67 61 4154.0
92 1 2409.0
55 34 1495.0
70 24 2449.0
86 50 874.0
40 98 4149.0
66 70 3614.0
53 54 1135.0
91 20 3498.0
10 51 678.0
11 41 2626.0
38 1 376.0
25 38 2897.0
95 39 3693.0
9 75 1113.0
6 36 1301.0
77 33 730.0
29 52 4204.0
87 23 1397.0
86 45 4389.0
88 45 3396.0
93 29 3769.0
45 40 4014.0
48 31 3086.0
60 55 1473.0
9 84 633.0
70 58 2065.0
7 18 138.0
68 67 1278.0
78 37 3931.0
62 44 4087.0
27 54 3247.0
85 58 536.0
77 18 4120.0
33 25 3836.0
41 4 1170.0
91 12 427.0
64 5 3378.0
61 48 2220.0
4 79 3977.0
7 60 2237.0
47 17 1388.0
29 81 1144.0
15 22 2130.0
74 53 1339.0
50 44 4104.0
56 74 3825.0
91 30 722.0
30 9 2073.0
22 38 2829.0
12 8 2483.0
79 72 738.0
86 73 806.0
97 95 3608.0
41 85 3808.0
51 16 2196.0
52 48 4427.0
98 8 2866.0
16 50 783.0
9 23 2756.0
84 72 527.0
50 4 3586.0
83 21 1326.0
52 23 942.0
48 18 277.0
46 97 3522.0
80 14 1143.0
61 31 1215.0
65 32 2506.0
54 29 413.0
65 42 3329.0
25 67 3113.0
44 42 1948.0
62 88 3699.0
33 81 4073.0
3 60 3526.0
43 4 2358.0
54 58 341.0
95 59 4116.0
77 100 3671.0
21 16 102.0
86 100 1635.0
14 18 2092.0
15 26 3631.0
37 59 1194.0
66 80 1831.0
64 27 2480.0
31 100 3952.0
22 30 959.0
47 76 853.0
40 90 1514.0
17 86 3851.0
9 82 3385.0
16 6 3711.0
67 9 4342.0
28 46 3375.0
98 82 1561.0
76 36 4298.0
68 19 307.0
9 28 3553.0
82 26 4341.0
47 10 904.0
19 60 2082.0
8 95 1494.0
85 57 323.0
11 69 2945.0
15 8 4022.0
8 56 1467.0
31 56 2188.0
90 73 267.0
52 31 214.0
87 80 3050.0
79 55 2019.0
57 88 3311.0
81 6 673.0
82 33 3709.0
6 38 1732.0
28 16 141.0
11 2 2009.0
59 39 1556.0
65 81 2336.0
61 95 1139.0
91 2 2410.0
86 14 951.0
87 68 1817.0
56 36 2421.0
66 79 3034.0
50 89 2677.0
20 82 3586.0
87 97 2594.0
62 22 604.0
25 11 2783.0
40 94 87.0
51 43 2271.0
28 94 1958.0
35 58 2370.0
50 61 4004.0
25 59 3440.0
90 17 3702.0
96 6 4373.0
28 14 2947.0
33 73 643.0
27 98 2841.0
72 12 1222.0
57 54 230.0
61 70 2372.0
57 31 10.0
30 8 1360.0
11 91 3666.0
16 100 1625.0
13 22 4341.0
2 59 1621.0
28 53 3104.0
59 20 3122.0
40 65 1553.0
70 47 96.0
70 13 1309.0
34 11 963.0
75 24 4217.0
71 28 3075.0
65 62 1162.0
23 49 3878.0
60 21 4067.0
57 7 2207.0
28 51 3947.0
18 49 1656.0
53 56 1805.0
91 86 2463.0
21 63 3419.0
38 43 2716.0
19 99 3808.0
79 78 4107.0
15 9 918.0
2 8 1942.0
55 13 3766.0
56 14 270.0
40 25 971.0
30 7 1655.0
100 80 1544.0
59 94 2745.0
52 75 2862.0
58 34 3216.0
37 84 1783.0
3 94 2438.0
12 62 1050.0
69 5 576.0
64 66 3181.0
14 94 4415.0
70 98 4221.0
24 67 3929.0
40 61 1874.0
41 47 1234.0
59 46 113.0
61 7 1126.0
66 98 1618.0
22 43 1481.0
36 43 4027.0
83 7 4164.0
65 31 701.0
36 57 4413.0
75 54 1029.0
60 43 3968.0
68 94 2980.0
17 20 119.0
24 2 1003.0
86 84 47.0
71 1 897.0
60 22 1328.0
81 35 2412.0
55 31 2484.0
29 58 1964.0
97 18 242.0
15 24 2697.0
37 8 557.0
33 29 2310.0
28 21 2032.0
22 50 4251.0
33 61 4111.0
58 57 2994.0
89 7 3920.0
6 61 1867.0
98 37 2723.0
21 29 3505.0
13 93 1516.0
70 38 2208.0
59 74 4217.0
25 41 1400.0
49 60 962.0
42 15 4026.0
10 9 3450.0
57 76 4266.0
1 68 1676.0
7 39 2182.0
15 72 3711.0
97 21 2518.0
22 25 2831.0
53 61 353.0
73 3 1328.0
52 97 756.0
94 16 1282.0
13 37 316.0
39 82 798.0
1 78 2577.0
85 71 2647.0
11 39 852.0
8 42 91.0
52 46 3671.0
15 59 4364.0
79 37 2791.0
6 42 1285.0
18 68 3618.0
35 84 1313.0
31 64 1279.0
79 75 3368.0
48 75 2413.0
9 98 2157.0
13 84 2167.0
54 81 578.0
49 93 4037.0
41 91 4210.0
9 4 404.0
32 1 54.0
3 16 2924.0
11 44 408.0
55 11 1259.0
14 45 4162.0
31 44 2832.0
87 56 1097.0
98 23 2334.0
55 77 36.0
83 8 2184.0
2 53 3607.0
42 54 4164.0
77 36 2032.0
11 43 1466.0
29 34 1860.0
23 58 2616.0
78 46 4044.0
23 30 2309.0
90 99 2782.0
9 88 2330.0
53 21 3174.0
71 76 4210.0
19 13 46.0
14 40 775.0
68 35 2121.0
55 49 1056.0
23 19 3869.0
10 83 2813.0
15 79 3091.0
87 7 3523.0
65 83 682.0
54 41 2840.0
92 99 3688.0
59 35 1004.0
79 69 1120.0
40 88 1426.0
55 68 4319.0
5 4 1273.0
26 54 906.0
64 14 159.0
42 92 1072.0
61 65 3713.0
28 99 1680.0
42 7 162.0
66 3 2088.0
80 62 167.0
83 47 1999.0
18 27 1302.0
64 72 2537.0
28 47 1340.0
88 92 3368.0
51 74 1133.0
40 28 1554.0
27 28 2696.0
38 91 1087.0
8 25 1268.0
99 49 1171.0
82 21 3576.0
16 38 2240.0
18 53 2508.0
77 38 2903.0
96 5 1675.0
35 54 1976.0
38 84 3135.0
21 30 3174.0
73 7 4125.0
49 72 3571.0
25 96 4398.0
57 41 3173.0
70 76 781.0
9 31 2492.0
97 67 4017.0
92 11 719.0
4 91 3685.0
68 48 2281.0
6 53 61.0
1 3 1113.0
60 83 778.0
14 8 3033.0
38 90 4168.0
85 55 278.0
99 7 570.0
47 64 2288.0
27 87 1644.0
38 96 4316.0
9 29 3431.0
93 52 2227.0
51 54 1932.0
49 6 3331.0
99 37 4386.0
64 100 3044.0
88 85 532.0
39 68 3870.0
92 60 3179.0
67 87 2475.0
47 16 1362.0
7 27 3907.0
52 77 585.0
75 4 2123.0
92 51 975.0
22 9 3304.0
75 27 241.0
74 27 3551.0
26 90 2528.0
95 18 3645.0
25 77 3423.0
6 43 4326.0
7 77 928.0
98 59 314.0
48 60 741.0
14 12 2473.0
39 8 2491.0
13 61 2833.0
24 95 2421.0
23 100 3038.0
15 85 1156.0
47 22 2704.0
94 67 1659.0
49 73 2317.0
34 82 30.0
28 34 1672.0
17 53 854.0
20 44 2657.0
23 83 1860.0
8 94 2402.0
12 40 2605.0
61 44 4007.0
37 85 2149.0
28 63 2067.0
58 46 2627.0
23 2 854.0
98 94 3360.0
56 57 93.0
34 6 1191.0
86 10 3245.0
70 46 2559.0
15 27 2902.0
71 29 2261.0
5 82 274.0
22 56 4291.0
35 86 385.0
94 41 433.0
72 23 199.0
29 69 609.0
16 80 290.0
88 54 375.0
35 32 2028.0
23 36 3753.0
10 74 3615.0
94 5 309.0
5 89 2621.0
46 42 1932.0
45 98 2299.0
79 88 1449.0
19 4 966.0
63 99 4153.0
25 54 1086.0
77 74 622.0
64 99 452.0
77 56 1870.0
85 23 218.0
21 98 1501.0
10 58 342.0
40 37 3086.0
9 68 3163.0
47 68 597.0
70 11 1312.0
62 82 4231.0
73 38 4427.0
42 73 4357.0
22 86 2766.0
18 82 282.0
67 22 1194.0
32 97 3282.0
87 48 4024.0
93 48 2287.0
77 65 373.0
64 94 1539.0
13 92 3309.0
80 12 2640.0
98 25 3502.0
74 81 3313.0
66 61 316.0
95 22 2840.0
67 39 4146.0
82 52 1391.0
38 14 2062.0
82 23 1808.0
100 99 1288.0
60 75 3382.0
41 7 3214.0
56 99 3980.0
82 66 3909.0
100 95 824.0
37 73 626.0
1 6 1144.0
55 30 1891.0
63 26 350.0
35 11 2034.0
45 3 444.0
96 92 1179.0
8 70 602.0
22 80 3357.0
94 48 882.0
87 71 1266.0
30 36 2152.0
2 26 2069.0
91 43 3366.0
86 30 1330.0
88 30 58.0
6 3 1371.0
70 74 3578.0
64 42 21.0
72 48 972.0
98 15 1093.0
72 10 4146.0
51 79 610.0
46 41 2835.0
94 23 1055.0
82 87 1693.0
3 63 1662.0
75 73 2294.0
55 59 773.0
49 95 2115.0
26 7 3243.0
45 61 685.0
35 67 228.0
17 29 2078.0
38 53 4223.0
91 95 1684.0
5 45 405.0
86 27 533.0
48 41 952.0
69 51 1459.0
79 29 2240.0
51 4 1110.0
19 71 3489.0
2 83 3504.0
95 89 2983.0
86 88 3238.0
59 49 125.0
89 99 2173.0
65 1 804.0
2 97 613.0
68 98 2633.0
38 19 4269.0
15 89 4349.0
65 17 1916.0
95 21 1951.0
50 76 2728.0
24 31 3382.0
87 31 1289.0
26 11 3380.0
42 51 3095.0
14 35 891.0
25 68 915.0
85 91 2031.0
19 14 89.0
95 2 142.0
59 84 2502.0
36 53 1193.0
92 31 3533.0
30 14 2619.0
95 20 349.0
84 66 1640.0
72 99 2934.0
59 70 3303.0
8 69 595.0
5 52 3984.0
60 62 4290.0
76 29 771.0
60 13 416.0
82 6 2968.0
35 2 2914.0
18 56 2319.0
50 7 4027.0
15 88 1905.0
82 1 3362.0
67 99 668.0
10 42 1607.0
15 58 1369.0
30 48 3128.0
22 76 3392.0
89 11 2254.0
66 17 3555.0
90 42 3706.0
23 64 562.0
50 67 361.0
49 27 27.0
36 10 3562.0
55 54 130.0
54 68 2695.0
46 26 4359.0
64 85 417.0
48 29 1662.0
96 93 488.0
33 18 4165.0
47 92 647.0
97 4 1216.0
13 74 1461.0
52 19 3161.0
92 74 1837.0
84 100 555.0
35 29 3649.0
65 63 746.0
15 87 476.0
44 35 1306.0
47 27 1416.0
70 87 4111.0
65 34 3665.0
62 27 1254.0
88 89 3727.0
4 90 260.0
65 60 86.0
75 78 3757.0
52 16 4381.0
22 45 2910.0
11 90 2036.0
31 78 656.0
37 67 4077.0
19 12 4281.0
36 54 393.0
52 11 200.0
16 1 4153.0
18 73 4135.0
99 84 2523.0
46 29 3630.0
35 1 1129.0
46 24 3103.0
92 38 1070.0
63 90 2082.0
81 62 1176.0
33 94 2038.0
78 44 3558.0
10 37 2929.0
42 50 3641.0
41 43 2621.0
33 41 2922.0
17 10 3323.0
49 11 3522.0
54 70 1490.0
19 58 120.0
100 70 3133.0
85 10 1937.0
37 44 3745.0
75 88 3014.0
7 28 1253.0
73 12 2163.0
81 100 2741.0
76 81 1894.0
100 60 927.0
91 52 347.0
1 98 3342.0
2 12 3302.0
22 90 1642.0
20 54 430.0
36 39 3281.0
88 17 3578.0
16 53 1027.0
2 50 4265.0
8 9 2735.0
35 5 642.0
64 39 1696.0
28 74 612.0
46 64 3179.0
24 63 2426.0
1 43 2655.0
77 90 448.0
71 52 879.0
55 91 406.0
68 46 969.0
85 1 4402.0
12 22 3447.0
25 9 3451.0
11 86 179.0
77 86 2162.0
100 4 1648.0
79 17 50.0
33 67 2779.0
38 69 3499.0
100 75 259.0
47 99 4183.0
32 90 1772.0
22 29 3918.0
33 68 3457.0
67 42 1081.0
29 47 1655.0
43 54 2442.0
7 52 3852.0
90 21 1754.0
69 91 459.0
9 33 3813.0
95 13 245.0
80 43 3090.0
47 46 371.0
52 65 3039.0
49 29 3337.0
21 25 844.0
55 92 2388.0
92 98 3410.0
52 34 625.0
81 30 1584.0
46 77 3772.0
47 87 2843.0
64 53 144.0
91 47 3057.0
66 37 2219.0
33 80 3339.0
7 1 552.0
18 38 3515.0
10 68 2552.0
75 18 159.0
97 38 2908.0
37 75 4218.0
48 13 531.0
57 19 1366.0
45 94 3271.0
47 56 1276.0
54 90 363.0
47 25 3236.0
92 40 2553.0
53 73 2048.0
89 30 3082.0
76 17 412.0
100 25 4392.0
99 29 769.0
76 83 2694.0
18 66 1795.0
4 33 3529.0
80 11 1879.0
75 21 2694.0
36 95 2515.0
16 82 266.0
66 60 211.0
48 84 2433.0
50 97 781.0
20 31 4364.0
36 68 119.0
35 78 4416.0
73 58 709.0
10 100 1784.0
61 46 3966.0
69 88 222.0
97 73 1512.0
15 65 536.0
4 76 332.0
95 85 1010.0
24 47 3958.0
5 60 3973.0
74 18 355.0
1 55 3125.0
18 55 1687.0
55 26 4252.0
93 28 2382.0
13 50 1849.0
98 61 2262.0
77 89 2963.0
45 83 4237.0
73 89 4179.0
83 95 1911.0
87 18 2943.0
67 63 4059.0
53 58 4410.0
90 9 860.0
10 53 3102.0
85 6 477.0
35 28 1356.0
56 29 3644.0
43 44 3291.0
58 27 2379.0
69 82 3930.0
2 58 3924.0
78 50 1892.0
21 33 3931.0
61 24 427.0
12 46 2318.0
79 46 1598.0
78 69 152.0
96 3 368.0
48 33 1187.0
3 10 1645.0
78 34 758.0
61 36 150.0
11 97 3364.0
30 17 3132.0
43 25 690.0
87 57 4161.0
57 13 2416.0
34 21 1707.0
81 95 3433.0
56 68 4072.0
13 91 2022.0
25 92 2515.0
20 21 579.0
82 99 3821.0
10 1 179.0
17 93 3102.0
12 43 442.0
72 44 2928.0
9 69 2816.0
37 50 304.0
67 76 3105.0
74 89 774.0
78 55 1647.0
77 64 2388.0
58 3 3295.0
6 72 90.0
59 58 2874.0
62 79 1776.0
96 61 2089.0
56 15 553.0
86 48 2381.0
30 33 3537.0
23 78 2070.0
90 100 2584.0
53 52 2551.0
37 24 3755.0
16 65 1185.0
46 10 1298.0
41 51 2835.0
89 57 2351.0
47 19 884.0
46 51 3829.0
8 65 4218.0
31 93 4056.0
9 40 2572.0
6 35 733.0
17 28 327.0
63 94 1958.0
47 55 2734.0
43 90 4097.0
35 50 647.0
43 100 3723.0
32 74 3041.0
86 53 820.0
69 18 3537.0
47 82 1172.0
61 78 3308.0
98 6 2908.0
66 72 613.0
58 80 4132.0
56 92 1672.0
41 15 717.0
12 21 3693.0
99 87 2295.0
84 12 69.0
74 57 1005.0
40 42 586.0
73 23 2938.0
51 39 2793.0
81 45 54.0
29 39 198.0
56 78 48.0
45 43 114.0
47 85 1601.0
8 55 2594.0
43 39 1834.0
60 58 2848.0
5 72 2028.0
12 25 794.0
94 37 3360.0
59 31 1723.0
37 43 1188.0
89 29 149.0
46 92 2790.0
76 12 2523.0
6 51 2802.0
73 27 1913.0
5 20 2279.0
82 60 1410.0
78 95 1253.0
67 6 3878.0
75 2 178.0
81 42 2875.0
98 24 2403.0
94 62 3074.0
43 71 712.0
61 39 3678.0
62 61 4100.0
75 26 1843.0
17 58 1115.0
81 80 1646.0
88 20 3560.0
85 22 3485.0
46 2 3837.0
80 65 2880.0
73 20 2647.0
28 31 2241.0
33 26 3808.0
56 25 669.0
50 94 2768.0
71 62 2485.0
47 79 1887.0
21 19 2608.0
49 87 4065.0
30 45 4191.0
47 11 379.0
92 100 1277.0
92 75 3655.0
8 89 3605.0
84 51 4424.0
37 58 2913.0
90 69 105.0
4 89 3365.0
99 14 4395.0
21 96 748.0
38 7 3456.0
52 30 3006.0
50 47 1604.0
13 62 1640.0
23 3 3912.0
77 16 2333.0
88 32 2592.0
10 19 4263.0
52 24 3478.0
30 26 2041.0
18 24 3975.0
71 97 921.0
68 45 784.0
19 46 2221.0
92 72 1849.0
51 34 2410.0
37 91 1295.0
4 1 3352.0
81 67 3392.0
21 46 1763.0
77 71 3716.0
6 21 1561.0
28 91 909.0
45 100 3677.0
92 43 4406.0
93 46 4190.0
88 43 1049.0
78 13 4309.0
63 8 3299.0
60 77 1256.0
57 72 2802.0
46 13 2243.0
84 20 1830.0
69 55 1855.0
25 15 977.0
33 58 119.0
19 63 1792.0
95 93 1301.0
72 19 2779.0
85 31 3980.0
73 95 1148.0
62 21 2093.0
45 52 3149.0
93 84 905.0
6 41 1679.0
14 92 2989.0
53 88 114.0
82 14 3103.0
19 43 3194.0
4 2 3682.0
12 49 622.0
96 37 4328.0
80 92 2341.0
8 4 1440.0
65 45 1988.0
79 85 3771.0
90 23 486.0
81 71 1029.0
83 73 4281.0
60 29 3845.0
49 75 1380.0
77 23 3838.0
79 9 1066.0
83 5 4290.0
48 88 505.0
93 89 1869.0
3 55 388.0
43 17 2662.0
35 21 4343.0
5 68 1114.0
80 91 1411.0
93 65 1836.0
7 9 601.0
99 79 2861.0
43 97 469.0
21 51 502.0
61 17 1441.0
19 79 3549.0
80 6 848.0
28 43 3707.0
86 56 943.0
69 64 491.0
79 80 3945.0
82 13 4225.0
64 51 1764.0
86 34 3895.0
19 75 434.0
87 13 2474.0
3 89 213.0
93 6 247.0
92 83 3906.0
24 88 956.0
74 26 1428.0
83 25 998.0
69 20 3995.0
3 91 1764.0
34 80 217.0
13 96 48.0
21 31 2.0
97 96 3757.0
31 30 2781.0
64 83 2382.0
71 36 3409.0
48 71 3426.0
76 58 821.0
82 71 2050.0
46 27 3668.0
2 44 1998.0
74 95 3826.0
36 31 2719.0
58 64 4433.0
64 44 1299.0
93 8 2778.0
98 77 101.0
86 49 4339.0
62 54 60.0
10 55 2681.0
53 4 4166.0
28 18 493.0
37 4 2017.0
87 11 3542.0
78 62 2628.0
66 96 1535.0
43 3 4246.0
40 38 403.0
18 2 3864.0
43 26 2514.0
99 21 816.0
46 62 4124.0
95 67 3868.0
98 85 1636.0
78 17 414.0
8 68 4023.0
59 19 3808.0
66 25 1840.0
29 87 4213.0
74 71 1602.0
49 36 2488.0
91 66 336.0
87 75 2456.0
62 10 4062.0
51 57 554.0
41 52 2268.0
22 99 1571.0
21 36 675.0
75 44 2946.0
14 2 2381.0
77 79 4354.0
37 76 676.0
22 97 3751.0
17 51 2311.0
100 18 2777.0
30 13 857.0
60 27 2068.0
7 16 4325.0
53 51 2157.0
70 23 3902.0
29 44 2191.0
51 48 4060.0
93 45 582.0
55 65 425.0
75 39 586.0
72 41 2182.0
6 83 3959.0
99 31 552.0
19 100 789.0
26 99 1678.0
79 5 2836.0
29 37 996.0
69 47 3793.0
79 58 3578.0
16 78 2137.0
16 26 1425.0
99 61 1703.0
42 95 1815.0
13 59 3102.0
30 63 3278.0
17 5 4423.0
57 27 2035.0
98 79 3704.0
72 34 4325.0
49 31 2534.0
56 89 229.0
20 16 471.0
93 72 4305.0
85 90 4158.0
76 45 3666.0
52 51 1447.0
99 18 3008.0
16 30 1683.0
1 91 1943.0
13 25 2206.0
77 45 2874.0
11 84 4269.0
43 79 53.0
57 64 3825.0
14 46 1146.0
71 30 2606.0
56 50 2981.0
49 74 1532.0
79 57 676.0
62 1 2140.0
50 71 2565.0
21 48 4216.0
21 45 1677.0
96 33 328.0
37 77 1216.0
95 43 4280.0
99 83 2145.0
50 5 192.0
85 94 1997.0
98 78 313.0
21 11 3842.0
84 58 4283.0
14 90 42.0
74 36 2774.0
60 17 1708.0
74 52 868.0
84 15 1949.0
37 16 1302.0
26 34 1258.0
66 14 1581.0
17 40 3591.0
43 76 2727.0
33 95 779.0
36 44 2331.0
63 48 2804.0
91 99 3171.0
11 61 945.0
81 10 792.0
2 60 4020.0
53 34 2780.0
6 52 2077.0
84 95 2768.0
80 52 1317.0
33 24 1299.0
87 6 569.0
6 50 2602.0
41 1 1248.0
35 39 1792.0
71 24 149.0
76 92 939.0
13 24 1573.0
18 13 749.0
66 58 3569.0
99 3 280.0
84 8 334.0
3 13 355.0
22 8 2693.0
35 33 1866.0
24 29 1332.0
60 37 2084.0
5 19 1916.0
99 8 1629.0
8 92 4313.0
35 95 1726.0
58 62 1295.0
69 25 2894.0
93 62 2034.0
31 27 1732.0
95 65 94.0
98 42 218.0
70 75 2575.0
14 10 2185.0
82 76 4341.0
82 54 3866.0
45 4 3688.0
59 34 2668.0
39 10 2062.0
15 61 4126.0
89 83 2721.0
84 44 1278.0
13 27 2980.0
80 56 1532.0
94 53 1162.0
23 40 1055.0
5 100 3981.0
67 16 4215.0
32 17 3049.0
36 5 1803.0
99 10 3639.0
49 76 3894.0
12 77 1999.0
60 25 1794.0
29 65 3336.0
44 97 4121.0
86 96 4012.0
42 3 545.0
98 86 2538.0
49 82 1480.0
62 57 3455.0
62 15 3642.0
6 54 2082.0
49 78 3312.0
88 95 4196.0
40 46 3719.0
39 77 2432.0
28 70 3486.0
80 46 2346.0
16 15 5.0
10 15 3897.0
96 48 1760.0
78 11 964.0
99 35 2474.0
62 97 60.0
73 56 2010.0
48 74 3312.0
87 51 1909.0
74 90 2849.0
97 76 3713.0
48 5 1985.0
20 11 1040.0
32 31 3569.0
78 59 1811.0
74 45 1906.0
70 33 3172.0
53 37 412.0
17 16 3143.0
72 95 492.0
63 68 3583.0
85 78 3253.0
27 99 2262.0
63 10 3773.0
36 58 3153.0
2 61 1896.0
69 98 2672.0
73 35 1130.0
8 20 1707.0
87 38 1800.0
50 99 3642.0
34 19 1957.0
6 79 2209.0
45 99 907.0
55 61 1482.0
33 97 4395.0
66 12 4311.0
52 13 1084.0
63 46 77.0
6 12 3742.0
91 22 1230.0
98 34 825.0
76 30 3150.0
36 3 245.0
31 5 4329.0
96 56 3806.0
78 53 3429.0
47 35 4389.0
58 52 4274.0
48 45 272.0
97 100 1952.0
48 70 3133.0
78 90 1294.0
72 31 2879.0
6 63 4083.0
99 97 3545.0
56 12 994.0
1 99 2542.0
58 5 389.0
26 95 835.0
9 77 3249.0
89 68 175.0
81 48 850.0
90 33 2695.0
67 38 3719.0
44 52 2089.0
2 15 3156.0
53 32 3428.0
17 94 3247.0
63 55 3690.0
5 23 193.0
1 51 3535.0
78 3 117.0
11 14 1959.0
86 12 2352.0
62 36 2616.0
37 17 4412.0
30 59 2138.0
81 55 3380.0
14 36 2198.0
28 26 74.0
42 9 1780.0
80 72 2248.0
92 52 3403.0
20 1 410.0
76 72 678.0
58 6 1916.0
99 70 2286.0
89 49 3685.0
46 1 3344.0
94 76 3060.0
22 40 251.0
93 34 1395.0
60 9 4067.0
77 19 1493.0
81 4 971.0
91 32 1765.0
27 59 1485.0
93 55 3512.0
57 81 44.0
95 10 3574.0
83 42 3591.0
10 4 3073.0
97 68 2242.0
28 76 61.0
40 36 1405.0
23 76 2865.0
9 55 4091.0
86 2 2590.0
47 78 134.0
64 59 3727.0
67 23 4165.0
84 85 428.0
58 93 4309.0
93 78 2892.0
41 62 2259.0
1 39 1112.0
59 38 2418.0
25 48 3221.0
69 44 1707.0
62 51 2251.0
20 65 4026.0
90 7 1216.0
96 90 2650.0
64 9 1006.0
1 100 4425.0
65 10 2350.0
25 90 2130.0
46 48 3983.0
64 24 2561.0
91 10 1310.0
13 23 1171.0
38 42 2907.0
14 88 4413.0
41 29 3529.0
81 77 3349.0
84 47 2725.0
4 35 463.0
93 39 1975.0
48 20 2433.0
96 70 438.0
11 46 3616.0
40 95 2612.0
72 43 3338.0
20 80 2302.0
20 68 1473.0
79 53 3690.0
99 33 3816.0
64 33 3590.0
99 9 2396.0
7 85 1878.0
9 19 1041.0
9 27 4188.0
72 65 3517.0
47 4 79.0
79 38 3400.0
35 31 4437.0
21 61 2479.0
36 24 2276.0
43 27 2157.0
33 79 3236.0
15 55 2575.0
73 29 476.0
91 42 3474.0
88 27 4354.0
36 20 4309.0
24 69 3753.0
51 70 2162.0
24 4 1416.0
22 39 1462.0
35 92 2241.0
27 63 2276.0
62 67 3827.0
73 92 1714.0
98 54 2817.0
11 74 919.0
98 100 2553.0
92 2 3143.0
82 58 2957.0
100 29 2948.0
76 44 2224.0
33 47 711.0
41 70 4447.0
42 57 638.0
68 50 3969.0
35 23 3694.0
13 44 862.0
75 90 1324.0
57 10 3878.0
51 76 2550.0
87 8 4317.0
39 24 4062.0
81 52 1379.0
46 37 155.0
27 85 1476.0
39 73 2778.0
66 19 2924.0
51 88 1477.0
32 33 4225.0
86 78 3806.0
75 15 4000.0
35 82 3525.0
24 44 2787.0
70 34 669.0
48 49 1586.0
19 88 663.0
36 70 4391.0
15 3 388.0
73 70 3043.0
79 7 392.0
13 8 1117.0
36 17 1726.0
66 44 4413.0
79 31 341.0
70 89 3886.0
16 45 3704.0
11 85 2256.0
91 83 780.0
80 67 2795.0
42 14 2406.0
6 91 346.0
89 85 2885.0
69 71 847.0
88 78 2839.0
18 10 4063.0
71 41 3775.0
80 3 2210.0
85 54 3393.0
80 25 214.0
57 92 3722.0
46 60 1836.0
38 94 4090.0
25 42 526.0
92 29 262.0
19 94 399.0
58 45 3629.0
12 52 576.0
80 75 1221.0
85 72 2021.0
1 31 1022.0
8 36 1106.0
15 76 4334.0
27 83 1383.0
45 27 2448.0
1 69 1573.0
98 19 2952.0
78 84 495.0
45 1 3018.0
1 58 3547.0
16 93 3373.0
57 59 1510.0
90 57 3397.0
89 33 3380.0
68 11 2285.0
86 83 2406.0
12 70 144.0
29 25 627.0
75 57 1408.0
68 69 2014.0
91 7 2509.0
39 23 4414.0
90 28 1809.0
84 33 3108.0
28 89 103.0
42 36 2494.0
12 34 1492.0
94 43 3464.0
44 90 3723.0
50 25 3719.0
32 99 3531.0
12 10 1824.0
86 79 2481.0
45 51 759.0
26 92 3743.0
26 38 3677.0
97 15 1612.0
85 65 336.0
45 33 3103.0
93 40 3500.0
83 82 125.0
75 53 460.0
32 46 1423.0
82 86 1456.0
73 72 3777.0
62 4 2861.0
26 87 3979.0
71 66 4441.0
9 17 2375.0
32 23 2920.0
6 40 349.0
24 76 3681.0
50 11 2970.0
91 9 847.0
19 18 1290.0
5 92 3550.0
57 55 4363.0
79 8 4063.0
96 72 2075.0
98 56 1866.0
10 16 2804.0
78 82 850.0
33 86 232.0
50 20 2973.0
85 5 3544.0
93 66 754.0
85 67 1972.0
37 27 764.0
70 37 1647.0
11 7 1260.0
30 38 3462.0
2 81 3643.0
34 33 1761.0
27 19 3656.0
44 15 4069.0
60 64 3863.0
11 10 2465.0
39 46 2200.0
100 17 805.0
65 22 2873.0
90 80 2471.0
95 25 2778.0
75 55 1397.0
36 81 1251.0
84 36 1012.0
96 17 3027.0
85 21 3011.0
94 99 3615.0
16 60 3567.0
12 20 2508.0
91 40 2377.0
1 96 4062.0
19 95 426.0
83 11 728.0
43 35 2060.0
80 44 3688.0
78 20 3109.0
11 54 2888.0
31 8 2973.0
53 63 2018.0
90 52 1215.0
53 1 2488.0
60 8 1111.0
12 35 2728.0
36 50 3031.0
15 83 4163.0
41 80 4403.0
96 50 112.0
50 45 4298.0
97 29 1971.0
9 86 1332.0
70 52 829.0
41 42 3494.0
48 40 1316.0
11 5 2054.0
97 34 1649.0
46 36 352.0
63 42 1910.0
87 65 3259.0
55 27 373.0
38 65 2737.0
28 61 2317.0
28 88 3054.0
62 6 2794.0
12 5 285.0
28 4 3338.0
35 91 1732.0
5 99 1897.0
98 3 477.0
30 18 1998.0
60 97 794.0
87 79 2448.0
89 94 2491.0
95 71 4096.0
16 99 4151.0
63 23 328.0
7 82 1191.0
71 18 4011.0
73 65 21.0
78 7 1472.0
26 40 3304.0
70 42 3653.0
99 77 1834.0
67 71 1548.0
44 45 4062.0
48 1 1412.0
36 88 1569.0
63 75 42.0
25 37 3665.0
30 57 3991.0
92 19 311.0
14 68 1842.0
35 83 3311.0
86 28 2113.0
95 4 830.0
81 18 3336.0
76 98 4337.0
77 21 1626.0
83 78 2360.0
79 70 3593.0
93 75 1860.0
86 19 373.0
7 71 3580.0
57 1 948.0
25 17 2439.0
26 84 1838.0
3 74 1969.0
69 45 2186.0
53 68 1607.0
63 29 1437.0
97 13 3739.0
7 75 4229.0
68 7 1514.0
31 96 26.0
83 19 3845.0
38 8 1744.0
70 26 2800.0
11 59 1312.0
5 47 4406.0
64 67 3476.0
100 41 2708.0
12 24 908.0
16 58 2119.0
86 99 4358.0
7 100 286.0
62 87 2608.0
19 91 125.0
100 8 3437.0
42 39 3628.0
16 48 2557.0
27 14 1590.0
78 52 3586.0
80 71 3525.0
35 40 4049.0
74 1 2758.0
43 10 4396.0
98 5 391.0
56 83 3855.0
49 20 377.0
20 34 3315.0
17 89 78.0
60 72 4306.0
51 2 1924.0
62 42 4441.0
49 13 695.0
45 71 4088.0
29 5 4315.0
87 88 1752.0
54 96 371.0
39 27 3930.0
83 93 2413.0
29 80 3089.0
59 60 3165.0
31 37 3585.0
64 8 1184.0
32 30 917.0
27 44 3376.0
38 15 667.0
48 27 3218.0
26 89 3825.0
9 94 571.0
84 40 1866.0
2 67 179.0
71 21 209.0
7 94 4004.0
18 88 3232.0
90 79 3072.0
42 22 976.0
3 28 2988.0
22 52 1247.0
67 83 2473.0
30 67 1605.0
96 94 2274.0
68 74 2857.0
54 97 2353.0
72 77 1355.0
74 30 3077.0
61 22 1285.0
37 54 51.0
43 32 3824.0
56 46 3006.0
12 41 1593.0
6 99 150.0
72 4 3427.0
34 74 302.0
88 70 3712.0
45 56 3633.0
29 86 2052.0
74 21 36.0
80 15 4123.0
54 8 2316.0
17 95 1689.0
22 35 1024.0
75 84 1866.0
17 77 1642.0
69 32 133.0
81 46 1859.0
59 16 1813.0
55 41 2442.0
39 26 3121.0
75 17 1738.0
59 92 1307.0
55 56 914.0
88 42 4426.0
46 83 1431.0
78 32 1453.0
29 30 1789.0
25 14 969.0
99 42 1666.0
77 88 3021.0
63 11 4369.0
54 64 3870.0
84 83 751.0
25 51 2625.0
61 9 1006.0
22 4 1107.0
30 2 1545.0
96 24 1326.0
94 54 3012.0
98 49 2648.0
53 71 1096.0
58 32 2575.0
40 18 3808.0
51 18 2243.0
64 43 3238.0
100 28 2805.0
92 79 1566.0
22 24 4060.0
57 20 4407.0
31 53 3801.0
56 75 2366.0
71 5 2351.0
81 63 241.0
80 45 1641.0
91 16 4138.0
72 53 3081.0
72 3 2071.0
51 94 1037.0
34 71 3382.0
25 75 4370.0
49 100 3571.0
69 4 1202.0
39 40 3280.0
54 50 2931.0
33 19 1357.0
32 10 1913.0
12 92 1416.0
15 60 2181.0
58 12 828.0
93 81 2330.0
44 16 4316.0
68 40 1489.0
73 82 1910.0
21 87 2323.0
36 45 1349.0
95 1 3088.0
50 65 4433.0
53 5 3754.0
100 53 2959.0
27 22 741.0
5 57 4162.0
61 89 36.0
9 72 2621.0
68 34 2826.0
40 32 1054.0
82 43 520.0
78 21 3301.0
98 35 2246.0
40 77 2557.0
15 5 21.0
86 21 3184.0
6 60 963.0
99 51 1460.0
91 96 1978.0
71 70 3573.0
3 20 3465.0
79 27 2951.0
54 21 3090.0
63 39 3588.0
86 70 1732.0
94 79 4042.0
51 13 2699.0
61 41 1068.0
84 14 2572.0
57 80 3170.0
30 97 640.0
29 16 3117.0
88 74 1689.0
71 6 583.0
38 74 2828.0
61 64 3354.0
89 25 2787.0
57 91 2182.0
40 69 1212.0
96 41 4329.0
6 26 2056.0
16 85 2700.0
21 22 599.0
78 5 373.0
26 14 203.0
25 28 719.0
42 69 4368.0
48 2 3823.0
64 82 3628.0
42 100 693.0
1 73 526.0
21 39 2330.0
18 35 2508.0
43 75 4044.0
41 75 1449.0
93 1 4369.0
23 51 3326.0
30 1 1111.0
75 33 1033.0
99 23 3208.0
74 4 1940.0
34 24 1276.0
19 25 1115.0
52 73 3353.0
91 58 2873.0
82 97 3242.0
49 39 2371.0
100 58 3581.0
66 45 3443.0
66 90 3398.0
32 18 3666.0
74 5 2553.0
19 49 1510.0
28 8 202.0
49 62 639.0
96 10 2718.0
28 66 1300.0
19 17 2772.0
14 97 2653.0
47 98 1542.0
15 70 4308.0
90 15 3789.0
92 48 3351.0
29 42 4185.0
2 84 1331.0
59 40 2402.0
52 25 1822.0
63 97 3300.0
51 30 118.0
88 46 3596.0
31 95 1563.0
58 74 4089.0
32 36 1414.0
80 94 2048.0
67 100 3891.0
38 54 3804.0
77 5 4019.0
100 52 1244.0
67 93 983.0
72 91 2440.0
16 14 628.0
25 70 726.0
100 32 2364.0
91 61 429.0
98 41 4380.0
49 45 595.0
87 92 2783.0
100 87 3384.0
7 40 1396.0
98 89 2719.0
53 27 2995.0
12 1 1095.0
64 45 3094.0
24 89 1080.0
74 31 1320.0
65 90 189.0
98 30 2762.0
24 28 3443.0
99 73 772.0
48 79 466.0
38 29 4151.0
9 20 1536.0
43 58 1348.0
8 34 3416.0
14 52 2612.0
56 23 4382.0
39 72 2002.0
80 86 1535.0
81 37 3215.0
11 88 1053.0
44 12 2625.0
68 79 3064.0
43 7 639.0
44 87 3221.0
78 91 2891.0
43 33 3142.0
3 50 2960.0
60 28 1281.0
75 47 3468.0
61 54 4384.0
41 77 1742.0
26 66 4356.0
81 83 211.0
45 47 3314.0
67 1 2300.0
81 61 3825.0
70 5 3088.0
20 64 2660.0
79 96 3210.0
36 97 463.0
5 41 3746.0
29 40 4043.0
17 8 2820.0
44 60 3813.0
17 84 3074.0
14 20 4350.0
62 25 1924.0
3 76 3379.0
91 24 1227.0
85 87 398.0
70 35 2058.0
94 21 3741.0
90 88 59.0
97 94 728.0
38 71 4069.0
58 89 2563.0
3 24 4414.0
45 10 2738.0
26 62 2563.0
17 21 1880.0
7 15 3570.0
86 72 2446.0
63 25 3797.0
43 70 503.0
11 72 183.0
73 48 2913.0
49 56 1877.0
27 32 2933.0
12 55 1447.0
86 94 2517.0
55 25 2771.0
99 38 3804.0
98 73 2673.0
57 97 1007.0
97 31 2945.0
40 97 2015.0
94 31 3629.0
15 63 4185.0
78 68 1201.0
87 35 2156.0
54 15 1105.0
28 12 1362.0
18 29 1701.0
47 54 2323.0
47 60 1917.0
78 92 1720.0
16 95 2006.0
18 22 2846.0
88 35 1123.0
17 82 1180.0
39 87 4169.0
94 78 1471.0
62 5 2970.0
87 91 35.0
15 68 1581.0
65 78 4328.0
62 63 595.0
41 79 3997.0
72 47 1173.0
27 42 1529.0
51 75 155.0
87 76 4094.0
20 70 1417.0
96 36 2425.0
2 98 1791.0
47 96 4365.0
82 57 1537.0
68 22 409.0
74 16 4010.0
88 49 4322.0
95 80 916.0
31 77 4190.0
55 4 44.0
78 12 4008.0
46 38 1076.0
70 91 462.0
52 35 2909.0
3 12 3801.0
77 82 1032.0
67 82 1783.0
39 15 2189.0
16 83 1481.0
37 26 264.0
53 47 859.0
94 6 1269.0
89 19 1794.0
61 74 478.0
37 86 1283.0
93 90 2842.0
66 85 288.0
76 18 1067.0
50 14 4121.0
8 32 806.0
89 87 448.0
16 81 476.0
69 28 674.0
66 43 3235.0
4 25 1664.0
1 61 875.0
10 5 772.0
78 97 3043.0
98 93 4324.0
89 59 996.0
72 8 891.0
46 20 2085.0
91 48 4317.0
85 33 1937.0
32 52 2516.0
25 85 2023.0
65 100 4048.0
5 6 2318.0
17 18 3252.0
11 33 3094.0
96 69 1436.0
89 69 1272.0
34 96 1376.0
78 30 3943.0
50 38 31.0
81 34 1144.0
100 12 2817.0
20 41 2569.0
52 85 660.0
98 50 3917.0
51 56 4448.0
76 13 311.0
43 55 3.0
84 80 3079.0
51 9 916.0
56 72 1151.0
70 55 1710.0
74 80 2956.0
57 17 2877.0
1 47 4310.0
65 9 2291.0
60 98 1558.0
6 75 1107.0
24 58 1449.0
58 21 3332.0
33 63 3683.0
100 3 2694.0
69 48 4250.0
50 93 344.0
42 52 2462.0
22 94 4014.0
89 47 3751.0
20 2 4057.0
37 90 30.0
42 94 2798.0
30 83 559.0
81 89 3544.0
7 6 1431.0
57 43 3080.0
10 97 1905.0
39 50 1274.0
65 59 720.0
76 61 345.0
64 91 2841.0
18 47 1633.0
17 42 1700.0
55 97 4121.0
58 22 3172.0
55 53 394.0
44 99 3133.0
67 13 1687.0
85 12 2134.0
43 23 1204.0
49 64 2411.0
80 36 3267.0
74 44 2170.0
17 56 3979.0
25 65 4119.0
49 34 3751.0
63 41 2696.0
94 32 1559.0
78 73 1587.0
89 45 3250.0
7 19 4144.0
3 57 97.0
28 55 1613.0
28 37 2442.0
26 60 335.0
84 18 2522.0
62 16 3410.0
35 15 1080.0
2 55 704.0
2 96 3231.0
11 6 151.0
51 38 3513.0
42 37 1607.0
78 33 3737.0
66 39 769.0
57 15 3489.0
41 32 1239.0
44 88 756.0
74 17 216.0
6 14 4257.0
84 73 3240.0
19 78 3861.0
59 63 2646.0
81 44 1031.0
12 99 681.0
40 64 70.0
52 96 3178.0
55 82 2729.0
100 79 3109.0
94 4 4061.0
99 93 1416.0
54 17 3609.0
28 98 859.0
6 48 3489.0
38 17 219.0
83 88 3253.0
67 45 835.0
95 52 3020.0
73 41 3070.0
73 63 1959.0
95 12 479.0
43 5 2566.0
36 33 547.0
44 40 76.0
68 61 1550.0
92 3 1950.0
18 92 50.0
75 23 2896.0
74 64 1561.0
99 41 278.0
9 85 239.0
78 74 2192.0
38 98 462.0
74 37 814.0
53 90 3166.0
50 43 1116.0
24 59 3583.0
77 42 3241.0
81 28 84.0
47 81 2674.0
59 3 1868.0
46 23 657.0
18 57 2376.0
72 33 3600.0
69 26 2870.0
67 15 3201.0
2 34 4355.0
61 18 3621.0
81 11 546.0
34 100 2067.0
12 7 3028.0
19 30 3333.0
45 7 1193.0
66 2 495.0
44 51 3678.0
91 8 194.0
7 55 4307.0
29 96 3122.0
75 72 3211.0
81 82 4.0
39 41 3911.0
27 80 2024.0
75 8 1055.0
82 11 519.0
31 23 4392.0
7 3 256.0
48 57 582.0
20 30 544.0
31 66 145.0
59 45 3584.0
88 37 1611.0
54 40 484.0
7 13 1060.0
94 25 3991.0
88 80 3364.0
59 79 372.0
24 78 3666.0
15 19 1510.0
37 34 3659.0
80 99 2176.0
53 76 1530.0
85 17 968.0
51 26 2200.0
40 51 1234.0
50 1 956.0
92 77 2953.0
55 5 3234.0
34 38 2523.0
72 14 1835.0
60 63 621.0
34 5 1388.0
48 62 3106.0
49 28 354.0
34 83 1910.0
15 91 2548.0
78 27 2111.0
15 64 442.0
80 18 1221.0
68 65 1487.0
61 75 2592.0
32 22 774.0
23 18 3946.0
69 23 1992.0
36 65 4030.0
67 88 448.0
77 58 4067.0
15 95 1032.0
82 4 606.0
16 64 2469.0
59 71 3450.0
91 54 2327.0
24 68 1362.0
29 82 3666.0
20 47 498.0
94 58 1512.0
71 89 3298.0
23 41 2240.0
26 59 286.0
68 72 274.0
8 62 2497.0
65 79 3406.0
70 7 2320.0
84 34 3353.0
52 37 913.0
82 28 2637.0
30 43 3394.0
28 67 1167.0
10 22 3199.0
76 11 79.0
42 84 313.0
43 49 2423.0
98 71 4186.0
5 63 3492.0
33 98 1768.0
23 4 562.0
69 13 3912.0
2 54 3587.0
73 87 3573.0
82 37 731.0
3 88 2170.0
17 44 477.0
11 13 2628.0
91 81 3188.0
49 57 3529.0
53 67 1556.0
53 91 1068.0
4 98 3427.0
46 82 2961.0
62 52 3955.0
93 4 3443.0
20 66 3853.0
66 87 1382.0
22 83 455.0
68 88 1215.0
75 20 1740.0
43 56 3660.0
32 19 290.0
74 55 278.0
39 52 2040.0
93 19 3034.0
44 39 3226.0
85 29 250.0
49 38 2437.0
2 42 1162.0
46 25 3520.0
9 6 3821.0
76 80 3824.0
43 69 1606.0
83 38 826.0
99 2 4282.0
70 56 59.0
47 71 1522.0
30 72 2036.0
27 1 620.0
78 71 71.0
68 60 1917.0
16 34 328.0
82 3 4252.0
78 28 4160.0
39 9 2059.0
74 72 3529.0
64 88 2023.0
98 11 308.0
74 20 636.0
11 99 736.0
6 77 4153.0
41 8 2629.0
57 4 3531.0
76 2 1626.0
38 86 86.0
80 53 1261.0
65 56 2460.0
35 16 1376.0
86 44 1953.0
96 11 3794.0
97 84 427.0
19 56 3808.0
38 33 2434.0
80 38 3956.0
30 39 86.0
14 58 2385.0
19 39 547.0
76 68 1210.0
54 56 3255.0
34 35 3726.0
64 12 2593.0
74 23 1504.0
68 57 3972.0
97 77 2444.0
10 76 1564.0
69 52 4224.0
89 20 2182.0
4 77 2659.0
28 10 1296.0
23 95 501.0
59 76 1017.0
7 5 4295.0
27 90 2216.0
61 26 388.0
94 26 1288.0
86 65 3709.0
65 43 1807.0
86 62 4261.0
23 12 2099.0
20 90 3935.0
94 44 3298.0
36 29 1312.0
83 58 302.0
58 88 4353.0
6 39 1751.0
100 72 3136.0
57 12 2893.0
61 35 3967.0
53 57 3583.0
16 27 1920.0
21 2 2405.0
4 15 1052.0
76 42 3411.0
77 78 4403.0
59 28 840.0
9 34 25.0
81 49 2746.0
94 72 1008.0
85 83 1245.0
81 3 1775.0
13 81 3345.0
30 94 2654.0
88 100 947.0
51 65 3920.0
72 90 97.0
10 7 3192.0
48 80 831.0
22 71 2713.0
28 52 1527.0
47 97 603.0
83 43 112.0
57 98 2513.0
97 7 3978.0
64 22 4113.0
71 9 424.0
24 20 2343.0
28 44 1805.0
62 38 1816.0
59 100 1749.0
30 11 1760.0
5 80 1659.0
27 76 413.0
61 47 2906.0
32 13 2427.0
6 97 2942.0
93 38 3534.0
14 95 4144.0
29 15 1148.0
35 13 4444.0
57 6 357.0
82 92 2194.0
94 12 1752.0
81 19 653.0
90 89 2824.0
22 75 4273.0
35 100 4007.0
90 45 104.0
10 67 2626.0
29 91 3711.0
73 22 2963.0
14 39 655.0
59 5 1295.0
10 50 1772.0
99 62 2994.0
55 36 2790.0
19 51 1348.0
12 59 2299.0
36 19 2962.0
43 84 1344.0
16 84 664.0
12 16 3784.0
51 50 2257.0
32 26 567.0
40 15 1597.0
94 24 1440.0
31 81 1579.0
75 58 2842.0
61 23 474.0
73 14 2612.0
1 80 3056.0
58 40 2360.0
59 68 1279.0
91 79 495.0
93 10 3047.0
1 40 2037.0
86 87 287.0
70 67 4133.0
90 56 951.0
27 93 4281.0
19 3 3661.0
98 83 2768.0
82 56 133.0
58 8 2526.0
61 58 2409.0
29 61 1685.0
81 60 3794.0
82 74 2487.0
79 21 4408.0
9 1 3390.0
22 26 3722.0
63 32 1748.0
40 99 2571.0
100 54 3443.0
1 15 2722.0
48 65 4165.0
9 74 2586.0
3 25 3368.0
3 27 2192.0
25 27 1743.0
99 20 3009.0
23 92 4181.0
63 47 4183.0
68 81 636.0
100 62 4016.0
34 10 2349.0
71 84 4246.0
15 34 620.0
73 45 975.0
74 65 4107.0
34 13 4043.0
99 57 4286.0
26 79 3261.0
62 31 1870.0
71 55 3517.0
26 10 2779.0
2 69 1338.0
18 45 1456.0
57 25 3248.0
87 69 854.0
18 79 3272.0
35 17 65.0
63 95 3700.0
24 17 570.0
84 27 2182.0
84 6 1949.0
60 76 659.0
67 77 3238.0
97 25 106.0
6 76 1733.0
41 26 1364.0
39 47 2813.0
59 56 2334.0
92 64 1932.0
98 65 3196.0
66 23 3318.0
75 99 4311.0
50 30 2318.0
26 42 1903.0
2 56 395.0
56 37 4106.0
98 91 963.0
67 69 1033.0
17 39 912.0
37 41 2342.0
67 46 3777.0
92 85 676.0
65 53 2603.0
72 70 1438.0
17 67 2619.0
63 91 935.0
69 65 4266.0
81 92 2641.0
76 90 1309.0
92 61 438.0
2 73 2616.0
64 65 970.0
45 12 3213.0
54 13 763.0
34 4 3898.0
39 99 666.0
47 90 4032.0
78 9 1943.0
5 46 1797.0
75 12 3263.0
24 99 3419.0
30 42 717.0
52 54 2960.0
58 86 2614.0
2 63 2337.0
46 84 2485.0
53 24 3132.0
4 84 3237.0
65 21 699.0
29 50 2839.0
22 72 2936.0
44 83 1231.0
11 79 2519.0
93 15 1753.0
20 60 4217.0
63 86 3846.0
66 29 925.0
54 1 1784.0
27 20 4419.0
23 55 3394.0
55 32 3173.0
18 93 1582.0
20 38 2538.0
91 56 2075.0
33 39 4322.0
33 2 2636.0
96 30 477.0
64 73 3599.0
81 14 3567.0
41 40 3062.0
40 24 616.0
99 54 81.0
42 58 1257.0
31 25 2209.0
85 20 304.0
66 51 4133.0
94 1 2242.0
16 46 930.0
39 45 29.0
50 60 2370.0
13 14 1610.0
15 43 3007.0
41 28 2632.0
43 99 3774.0
78 26 1328.0
77 66 3103.0
86 43 1139.0
32 29 171.0
13 33 4405.0
82 79 957.0
49 32 3885.0
58 67 2325.0
8 33 37.0
100 40 2103.0
50 73 4352.0
16 54 3277.0
30 47 1205.0
3 30 3320.0
69 19 2003.0
80 98 3825.0
85 43 2137.0
5 2 373.0
90 31 2883.0
82 91 1824.0
79 81 3231.0
23 96 873.0
27 40 2702.0
4 40 1377.0
48 78 975.0
64 48 2399.0
94 29 3314.0
1 64 2120.0
89 9 4168.0
51 12 2555.0
57 39 1799.0
88 63 2917.0
72 69 3118.0
87 96 764.0
72 63 4352.0
11 77 779.0
51 32 3116.0
97 24 2398.0
44 82 1355.0
13 100 3158.0
41 19 1059.0
67 49 3952.0
54 3 2085.0
63 82 1223.0
13 75 3425.0
69 56 2879.0
11 93 3557.0
2 9 3895.0
10 8 1047.0
14 74 412.0
33 71 1668.0
20 62 3400.0
89 16 3280.0
70 83 1426.0
77 83 1032.0
85 3 2858.0
94 70 692.0
75 64 1159.0
92 71 4147.0
40 53 4235.0
13 38 2733.0
44 89 2543.0
67 91 608.0
3 26 2437.0
19 48 1153.0
59 67 2278.0
94 15 1259.0
84 90 2947.0
4 38 3629.0
11 48 727.0
12 32 3141.0
39 38 1788.0
70 21 4024.0
49 40 137.0
30 44 2393.0
22 53 2592.0
84 94 1372.0
57 46 2514.0
11 9 1237.0
94 83 1110.0
54 66 2010.0
25 34 1369.0
99 25 3711.0
3 75 509.0
26 24 3578.0
67 86 2285.0
66 52 591.0
14 21 2425.0
90 55 2957.0
86 92 3130.0
30 61 4271.0
79 25 1192.0
70 81 4378.0
63 77 442.0
66 24 1315.0
8 51 2909.0
74 33 4138.0
61 5 3892.0
21 88 4005.0
88 23 2454.0
82 2 1734.0
62 70 585.0
58 48 2495.0
24 85 310.0
23 37 434.0
17 3 1622.0
20 39 3668.0
14 9 1572.0
65 47 308.0
64 68 1660.0
36 67 2264.0
13 5 1747.0
93 20 3756.0
97 88 3485.0
35 75 2003.0
87 46 388.0
43 96 3628.0
34 87 424.0
54 12 3384.0
29 23 293.0
5 25 4432.0
88 7 928.0
3 5 1561.0
76 95 1083.0
82 84 1360.0
42 86 2643.0
85 39 2498.0
82 75 286.0
90 71 2918.0
66 57 2240.0
88 82 3280.0
2 80 3432.0
94 65 1388.0
9 16 285.0
32 9 3889.0
21 67 4392.0
90 36 77.0
67 20 2689.0
76 26 4121.0
67 57 1184.0
53 84 2852.0
62 53 214.0
85 74 1708.0
97 42 853.0
34 22 128.0
5 40 965.0
86 60 1190.0
53 93 523.0
36 38 82.0
34 67 3748.0
16 40 893.0
8 81 150.0
44 71 1717.0
57 22 1671.0
69 73 423.0
68 4 1462.0
11 32 3142.0
15 17 1058.0
99 78 2443.0
83 48 3441.0
63 40 3848.0
15 82 2002.0
22 17 3055.0
26 4 481.0
73 36 3942.0
39 70 2840.0
63 38 1840.0
9 58 721.0
88 81 3547.0
34 79 1139.0
100 30 1519.0
3 32 3918.0
95 11 194.0
89 32 221.0
29 19 4424.0
37 9 3112.0
52 15 3804.0
20 45 3999.0
17 55 1215.0
79 89 3079.0
31 4 3922.0
76 35 4052.0
79 2 1917.0
13 86 4291.0
90 13 325.0
76 66 2526.0
85 60 2234.0
93 9 3708.0
2 36 3668.0
63 70 1122.0
85 76 2643.0
36 12 1166.0
86 71 2787.0
64 71 624.0
44 8 1190.0
10 49 3007.0
81 26 2935.0
93 71 1477.0
66 78 3522.0
77 96 1459.0
41 31 1595.0
70 9 2467.0
36 7 4372.0
53 60 1948.0
20 33 277.0
64 4 4363.0
88 61 3912.0
61 10 845.0
96 40 1285.0
61 27 4142.0
18 67 2506.0
72 58 1756.0
73 10 388.0
29 88 980.0
43 8 111.0
70 85 2766.0
22 93 1816.0
74 39 1310.0
62 55 3778.0
3 29 3274.0
75 38 4121.0
26 45 804.0
4 63 2918.0
49 54 1700.0
85 50 21.0
10 23 4355.0
93 73 1096.0
67 56 1318.0
36 85 2715.0
9 63 459.0
27 24 2941.0
25 1 3024.0
30 49 3416.0
49 65 2850.0
9 56 3585.0
84 65 9.0
31 75 3841.0
86 68 3114.0
13 99 2629.0
12 27 339.0
59 36 4410.0
98 75 3411.0
90 82 398.0
95 64 3985.0
100 57 1904.0
40 57 1495.0
33 91 3112.0
8 96 640.0
73 13 3695.0
57 2 4026.0
12 47 1099.0
59 32 1759.0
38 66 1630.0
58 56 128.0
44 21 3296.0
75 95 4180.0
90 68 3840.0
94 61 3428.0
5 16 2929.0
23 65 999.0
27 52 1036.0
40 33 2567.0
99 76 1580.0
35 3 2578.0
67 3 3230.0
79 49 474.0
18 16 4367.0
53 99 1335.0
85 62 3862.0
67 66 3533.0
64 96 2096.0
91 77 2808.0
49 24 1660.0
22 2 898.0
9 100 3980.0
92 24 4420.0
70 80 2544.0
97 12 361.0
49 17 1379.0
83 13 3525.0
1 79 528.0
20 26 4373.0
80 17 2616.0
59 62 4163.0
43 87 2413.0
61 37 2275.0
2 39 1664.0
85 2 2526.0
43 77 4240.0
87 41 1327.0
33 100 1212.0
39 78 4267.0
58 87 1608.0
29 28 120.0
30 28 4146.0
58 69 4091.0
80 23 498.0
31 16 4067.0
65 28 4179.0
60 88 1177.0
17 34 961.0
13 79 2972.0
78 96 1493.0
8 71 1223.0
86 52 1530.0
66 69 3899.0
18 60 2891.0
21 73 2403.0
20 7 2421.0
66 10 1337.0
9 96 3167.0
72 78 2312.0
6 8 2897.0
40 3 3751.0
53 95 2514.0
65 24 1306.0
24 16 2524.0
43 31 2534.0
49 61 2238.0
53 11 668.0
41 81 2604.0
51 15 2898.0
59 17 1759.0
21 43 1209.0
67 55 2923.0
6 17 727.0
55 40 2826.0
5 44 1150.0
26 25 2601.0
18 25 2267.0
9 45 1101.0
98 17 2955.0
32 37 1121.0
40 20 780.0
94 56 2933.0
93 100 3253.0
60 69 2136.0
5 21 1516.0
92 94 2990.0
1 21 1709.0
14 22 479.0
35 56 4083.0
32 95 495.0
32 67 4060.0
24 74 4417.0
1 60 3400.0
97 5 3716.0
85 82 2837.0
98 55 3346.0
63 7 1788.0
64 89 1670.0
9 44 1613.0
14 62 3543.0
25 35 2601.0
38 37 4384.0
34 90 1467.0
47 8 2854.0
8 80 4130.0
44 53 4296.0
31 22 2793.0
53 48 3968.0
44 96 1776.0
70 31 3075.0
1 2 3515.0
20 42 1780.0
83 87 2368.0
24 60 3048.0
20 86 3939.0
62 96 1354.0
39 65 1624.0
4 60 2016.0
60 70 3616.0
43 14 3728.0
20 22 527.0
32 34 869.0
23 17 3490.0
32 47 1430.0
22 44 3299.0
9 38 1754.0
7 96 3980.0
2 68 2252.0
65 41 4424.0
20 43 445.0
48 82 557.0
94 55 2335.0
87 32 2106.0
65 82 3574.0
44 47 349.0
93 91 1465.0
59 50 3849.0
80 24 4083.0
48 22 1250.0
14 29 3535.0
49 90 3514.0
75 77 4161.0
6 23 4065.0
52 88 3550.0
31 39 2570.0
84 29 3638.0
61 25 1019.0
50 9 2938.0
14 33 1728.0
89 48 2006.0
87 24 727.0
25 7 1163.0
81 23 2538.0
88 4 1525.0
44 10 3068.0
8 11 3735.0
77 28 1350.0
19 61 3275.0
70 22 264.0
55 84 3887.0
53 96 1348.0
68 16 1032.0
18 8 3226.0
6 2 1480.0
10 90 2609.0
52 72 2177.0
55 73 2928.0
70 40 3013.0
64 10 3280.0
35 97 3905.0
84 28 3886.0
19 37 1564.0
40 2 2248.0
57 93 1030.0
26 83 2564.0
94 90 2550.0
38 57 183.0
46 50 206.0
68 27 1647.0
74 46 4438.0
50 40 4382.0
94 11 902.0
72 1 1574.0
19 42 4038.0
37 33 4205.0
33 6 2510.0
62 19 4288.0
37 63 3929.0
22 28 894.0
1 59 1009.0
33 55 2450.0
80 85 1066.0
82 32 498.0
10 38 1433.0
9 92 137.0
94 87 2187.0
33 44 2143.0
64 32 2457.0
71 17 1201.0
87 64 1763.0
53 98 2285.0
82 94 3090.0
23 27 3838.0
70 14 385.0
45 31 3239.0
86 97 1704.0
66 63 2717.0
96 84 397.0
24 86 3617.0
64 36 2667.0
40 31 3579.0
100 46 1308.0
56 42 2868.0
81 98 3206.0
26 98 452.0
32 45 2662.0
16 97 4125.0
73 43 3539.0
81 72 2842.0
46 54 563.0
58 13 3238.0
1 56 1958.0
33 27 4233.0
45 92 812.0
78 4 3550.0
45 70 4272.0
9 47 789.0
70 4 4355.0
99 66 3930.0
76 88 2181.0
52 64 645.0
36 26 3194.0
10 40 4113.0
74 79 4228.0
26 85 3820.0
23 11 2059.0
73 34 4133.0
42 66 2288.0
46 85 2325.0
81 85 1768.0
83 50 2781.0
84 45 3114.0
19 50 4063.0
68 51 2967.0
45 96 663.0
87 1 1538.0
39 96 2738.0
57 70 1096.0
41 14 661.0
10 79 1345.0
38 28 183.0
53 23 189.0
3 44 1335.0
95 90 3530.0
17 97 3871.0
38 64 1417.0
1 28 901.0
50 70 3192.0
51 5 3672.0
50 79 4353.0
59 54 2259.0
36 11 2855.0
61 71 3142.0
46 91 1760.0
24 23 2089.0
9 66 56.0
91 65 4065.0
45 72 1231.0
5 33 2473.0
96 28 3229.0
35 77 3170.0
29 10 518.0
15 11 3452.0
29 83 1123.0
59 48 2390.0
56 97 1693.0
96 51 247.0
56 33 2314.0
3 39 4033.0
44 55 3350.0
95 86 4406.0
82 24 4053.0
13 9 1442.0
60 23 2630.0
91 44 4244.0
9 83 3128.0
58 31 97.0
55 21 1003.0
60 96 3433.0
47 67 2582.0
21 23 2521.0
51 61 287.0
33 69 4444.0
12 93 4202.0
90 67 3624.0
63 13 1209.0
70 95 1199.0
46 49 1508.0
80 89 396.0
3 86 2139.0
56 85 954.0
44 19 27.0
17 2 3438.0
96 12 3069.0
32 77 1698.0
32 66 2572.0
23 16 4237.0
24 73 3807.0
16 70 3252.0
47 13 2779.0
25 82 2331.0
62 30 2315.0
45 57 875.0
81 53 128.0
97 39 3529.0
83 79 4016.0
31 51 3878.0
29 72 1679.0
26 56 937.0
16 75 975.0
60 42 160.0
14 49 1531.0
88 94 4115.0
59 91 3770.0
24 81 1409.0
87 45 811.0
68 13 4405.0
3 65 4233.0
28 83 4276.0
83 96 3411.0
21 68 2551.0
65 92 2282.0
62 56 3181.0
33 3 4025.0
92 90 3700.0
77 73 1914.0
83 41 3305.0
9 81 826.0
17 7 2158.0
77 14 2231.0
9 48 3322.0
94 81 3438.0
91 18 2082.0
7 21 920.0
67 51 3094.0
84 25 2555.0
60 94 2702.0
82 89 3409.0
73 94 4041.0
78 42 75.0
72 54 460.0
65 70 2530.0
50 24 2222.0
34 64 150.0
52 26 3651.0
90 60 1235.0
32 56 2253.0
4 80 1540.0
42 71 1259.0
30 93 3940.0
99 30 2415.0
83 39 1788.0
39 92 2024.0
29 98 2234.0
67 72 2113.0
99 60 1067.0
68 92 4156.0
2 71 935.0
66 95 2598.0
28 42 2281.0
38 78 4377.0
46 34 2305.0
12 67 2315.0
45 29 3158.0
84 22 1245.0
4 54 1696.0
12 26 223.0
92 69 1429.0
67 75 1511.0
30 41 3807.0
81 17 160.0
29 7 502.0
85 14 2350.0
53 29 1843.0
57 69 126.0
80 73 2933.0
19 45 1505.0
27 11 1752.0
89 92 3079.0
50 32 2100.0
77 20 3496.0
23 22 589.0
21 50 2893.0
61 59 1252.0
65 75 4323.0
30 24 4140.0
28 48 1971.0
96 42 2610.0
21 76 1579.0
7 24 2773.0
48 35 2628.0
90 48 2660.0
18 94 760.0
79 71 572.0
28 92 1795.0
32 81 1932.0
13 43 1583.0
83 49 4206.0
97 20 984.0
22 66 3756.0
53 89 2861.0
92 84 26.0
31 46 3150.0
52 2 243.0
44 77 2444.0
54 31 2552.0
41 95 1757.0
41 21 3169.0
17 26 64.0
90 51 3426.0
77 51 1753.0
38 47 3560.0
5 95 572.0
44 65 3709.0
61 3 3594.0
100 50 3973.0
3 31 2488.0
12 82 3642.0
62 7 2609.0
57 96 204.0
36 16 3928.0
66 11 3151.0
5 37 523.0
3 11 2423.0
69 10 660.0
37 65 1274.0
56 81 4371.0
73 32 2455.0
32 44 2061.0
94 27 1201.0
27 21 2289.0
66 7 3857.0
64 2 2579.0
56 38 410.0
26 29 1578.0
93 64 1812.0
98 84 2483.0
97 28 2272.0
60 74 1354.0
49 51 4327.0
27 95 2448.0
72 51 878.0
77 10 1992.0
8 49 2849.0
100 56 3834.0
68 52 3537.0
15 12 803.0
62 37 3239.0
63 12 2899.0
95 79 1238.0
79 42 4218.0
40 81 2265.0
63 36 4136.0
46 75 3396.0
78 10 2218.0
35 19 2948.0
40 60 703.0
49 15 2384.0
98 48 1945.0
73 44 964.0
40 66 2678.0
84 64 887.0
37 21 2346.0
81 66 1253.0
55 45 2272.0
23 42 861.0
53 12 2678.0
77 76 2018.0
93 42 4126.0
74 86 3176.0
2 27 3399.0
23 20 249.0
69 35 2382.0
81 78 733.0
44 14 132.0
84 1 2226.0
68 12 1509.0
69 17 2406.0
50 62 2625.0
77 8 3642.0
68 83 2710.0
63 50 1968.0
23 14 698.0
89 27 1443.0
99 58 3129.0
97 45 2522.0
64 98 232.0
48 50 1944.0
52 84 1575.0
2 43 3415.0
91 27 1837.0
55 14 4042.0
4 48 2196.0
4 65 4257.0
37 18 1085.0
81 86 3834.0
96 19 2955.0
25 73 1566.0
80 28 1025.0
54 48 1528.0
80 64 1175.0
25 16 3094.0
18 65 896.0
53 20 1433.0
73 17 268.0
18 42 1888.0
39 80 3867.0
13 31 3323.0
24 62 3978.0
25 88 3003.0
69 36 290.0
9 36 2959.0
88 8 860.0
40 30 2862.0
9 80 1861.0
5 18 3185.0
3 38 1548.0
1 97 1324.0
53 92 3291.0
29 12 4080.0
58 38 3386.0
29 67 3261.0
72 98 968.0
24 48 3792.0
69 37 591.0
68 73 969.0
11 28 675.0
21 64 801.0
22 82 1129.0
98 14 4039.0
31 29 2204.0
42 24 449.0
28 39 4153.0
52 60 1102.0
12 30 4428.0
63 51 3819.0
62 29 3499.0
13 85 869.0
30 95 531.0
36 27 1597.0
50 15 358.0
78 2 902.0
37 95 570.0
12 79 3003.0
74 67 2645.0
46 8 1748.0
79 60 4215.0
15 81 4346.0
92 16 3762.0
36 94 47.0
43 18 3453.0
94 77 3413.0
10 52 4066.0
55 19 1873.0
71 88 1738.0
36 1 2035.0
17 13 763.0
51 80 861.0
60 14 377.0
47 26 4114.0
24 57 4201.0
27 6 1508.0
35 63 3924.0
17 87 1512.0
62 43 3259.0
51 71 3075.0
64 90 329.0
82 42 155.0
10 70 508.0
68 43 3088.0
5 88 3349.0
83 31 303.0
14 71 186.0
84 60 40.0
81 12 3457.0
89 14 4045.0
11 19 3497.0
14 79 1101.0
42 1 3522.0
16 13 512.0
49 77 1124.0
32 24 677.0
44 18 562.0
16 42 2213.0
75 50 3227.0
50 12 2565.0
38 100 3870.0
11 64 4168.0
68 44 3330.0
12 69 1899.0
32 84 865.0
22 49 3451.0
96 59 3393.0
92 66 1859.0
93 92 1426.0
12 9 4129.0
77 93 2069.0
36 34 4030.0
20 32 2713.0
96 82 2192.0
37 47 3670.0
73 9 1372.0
55 38 3223.0
38 41 331.0
39 56 1407.0
89 37 567.0
31 86 3185.0
23 68 4332.0
20 15 3797.0
34 88 606.0
55 37 4453.0
41 2 2638.0
97 75 2899.0
76 89 4211.0
37 20 3915.0
96 68 2872.0
70 69 2107.0
79 28 2601.0
30 6 3036.0
43 47 4122.0
59 53 2098.0
54 84 4100.0
48 97 2807.0
1 89 2825.0
41 22 764.0
87 16 2306.0
64 70 2490.0
52 47 3440.0
75 89 2439.0
74 99 2295.0
42 31 4445.0
9 62 2992.0
90 59 3554.0
84 77 2493.0
26 71 741.0
98 51 694.0
56 63 806.0
40 52 1139.0
61 14 1144.0
33 83 4105.0
88 31 2767.0
80 30 3534.0
21 84 1838.0
72 18 2260.0
66 16 1798.0
3 79 3764.0
34 77 2288.0
59 41 2757.0
69 80 1291.0
26 77 305.0
39 58 4449.0
87 25 3502.0
98 74 2152.0
28 19 942.0
4 52 2873.0
20 29 3711.0
73 4 883.0
34 41 4252.0
33 88 3568.0
75 30 2277.0
36 52 579.0
53 82 3382.0
27 34 2111.0
6 24 1486.0
92 54 4359.0
18 3 90.0
56 41 630.0
26 44 31.0
93 33 1707.0
32 92 1144.0
23 62 2712.0
84 70 227.0
57 8 2002.0
78 15 2569.0
21 26 3732.0
75 91 2049.0
76 65 1326.0
68 31 4454.0
43 46 339.0
11 29 4082.0
43 34 1780.0
15 23 4090.0
41 49 2278.0
74 69 1482.0
84 30 2738.0
23 79 918.0
74 76 598.0
95 96 3153.0
89 67 2770.0
83 32 607.0
49 21 2617.0
70 18 3051.0
11 73 3886.0
36 28 3356.0
97 59 1053.0
92 95 1098.0
89 97 4060.0
5 49 343.0
19 65 319.0
83 37 3767.0
24 21 19.0
46 86 1783.0
49 84 542.0
58 25 55.0
32 48 283.0
75 86 663.0
12 39 3505.0
17 50 4285.0
74 91 2260.0
17 63 3415.0
93 61 1667.0
80 97 4401.0
69 85 4367.0
37 35 3339.0
30 35 2602.0
21 40 663.0
39 55 2919.0
40 75 3082.0
66 34 1285.0
40 8 1367.0
72 32 4202.0
74 42 3432.0
29 27 2683.0
96 22 4435.0
65 7 2109.0
3 49 2307.0
93 3 1632.0
78 80 885.0
28 64 4337.0
100 55 49.0
45 34 3494.0
15 36 1787.0
32 61 2395.0
62 47 3723.0
99 52 2554.0
47 15 44.0
57 26 1321.0
8 16 977.0
20 76 117.0
68 66 2799.0
79 36 3768.0
43 98 1612.0
21 10 67.0
94 20 3288.0
68 41 1801.0
4 66 375.0
83 1 538.0
69 34 1896.0
24 25 1230.0
21 66 2725.0
99 68 3235.0
24 41 4044.0
31 60 2483.0
7 8 4378.0
73 47 2422.0
56 30 2035.0
61 80 196.0
11 16 4287.0
2 3 3171.0
96 74 2129.0
18 63 1130.0
71 11 1011.0
12 87 2818.0
6 66 1625.0
72 27 797.0
4 56 3456.0
81 27 3616.0
100 36 990.0
48 3 3396.0
98 63 1942.0
100 44 1587.0
19 40 3683.0
95 69 2073.0
93 87 2377.0
63 43 2469.0
90 16 3249.0
52 33 2011.0
87 36 1345.0
27 8 2521.0
75 34 185.0
10 33 3300.0
4 39 657.0
27 51 1850.0
57 29 3530.0
8 85 384.0
83 12 1182.0
67 79 4130.0
46 65 562.0
56 84 1525.0
22 36 1104.0
78 63 3145.0
79 73 1923.0
89 39 2750.0
48 66 3140.0
19 20 2853.0
6 68 2202.0
55 64 1613.0
71 94 334.0
18 36 2464.0
60 80 2797.0
5 90 3739.0
40 43 344.0
13 88 2381.0
20 72 3140.0
69 75 3691.0
51 55 998.0
62 98 3760.0
58 18 3908.0
87 40 617.0
72 17 3812.0
96 14 397.0
74 93 1502.0
58 50 1482.0
50 84 3893.0
86 1 40.0
93 51 3108.0
36 37 4299.0
83 4 3140.0
71 65 1120.0
76 16 2055.0
37 71 1435.0
14 37 217.0
78 14 3128.0
43 81 1940.0
6 59 3919.0
34 60 2402.0
3 14 3788.0
68 62 267.0
93 25 4211.0
87 37 2930.0
50 53 1437.0
57 11 393.0
15 100 2721.0
45 8 4408.0
95 45 2086.0
100 73 4168.0
31 38 1989.0
46 7 1585.0
63 76 1156.0
71 83 622.0
60 57 2213.0
25 23 3981.0
85 59 256.0
14 15 451.0
66 33 1620.0
32 21 3956.0
58 49 3524.0
8 97 2692.0
75 10 561.0
56 71 2911.0
49 16 3812.0
52 9 4396.0
45 42 1808.0
16 88 597.0
86 4 647.0
15 32 2764.0
27 65 806.0
74 83 781.0
64 97 4223.0
11 60 1815.0
97 65 3006.0
26 93 2773.0
78 54 1605.0
91 14 1574.0
15 31 4393.0
12 37 2874.0
17 41 4087.0
10 25 1038.0
62 18 2146.0
43 29 570.0
44 7 3755.0
91 5 1036.0
70 6 1335.0
70 68 797.0
2 70 390.0
44 58 2645.0
71 31 2477.0
16 2 4356.0
26 64 1419.0
25 76 2737.0
54 67 1293.0
64 13 3111.0
59 10 2346.0
6 55 1786.0
84 57 4249.0
67 31 3693.0
62 2 3847.0
22 74 2207.0
35 57 3065.0
59 52 2604.0
17 4 2050.0
23 34 4081.0
82 27 2940.0
19 84 2241.0
45 54 695.0
30 60 2372.0
61 38 812.0
23 97 2746.0
6 89 4077.0
59 4 3176.0
93 23 3779.0
32 79 4133.0
95 99 75.0
47 31 134.0
13 66 2093.0
97 27 3009.0
13 98 4451.0
50 69 4089.0
47 86 4385.0
10 94 117.0
73 59 903.0
80 19 4001.0
15 48 2843.0
54 87 1487.0
51 60 2016.0
11 75 1197.0
46 55 1769.0
68 17 3882.0
21 81 2767.0
91 68 2290.0
24 93 1.0
46 95 3486.0
80 42 3616.0
68 85 4007.0
7 86 1223.0
56 66 1738.0
95 28 3342.0
22 33 3986.0
2 89 1023.0
63 80 278.0
90 30 379.0
49 85 289.0
88 6 3679.0
8 67 2107.0
89 65 4007.0
18 12 4142.0
84 76 3686.0
53 46 3174.0
91 76 1362.0
23 7 4433.0
75 5 23.0
55 24 1990.0
23 91 1989.0
59 9 2176.0
23 1 2914.0
98 31 3195.0
23 47 922.0
50 82 49.0
16 98 2216.0
54 7 1710.0
77 22 258.0
69 77 3651.0
80 50 1665.0
99 59 280.0
11 56 3781.0
22 11 3415.0
2 31 269.0
83 40 1584.0
61 97 1294.0
13 89 2801.0
76 8 3902.0
2 72 911.0
48 38 2551.0
87 72 3293.0
83 54 4202.0
72 35 110.0
49 44 7.0
71 25 4001.0
85 86 2296.0
7 69 252.0
79 39 3584.0
14 1 1466.0
74 54 1831.0
49 25 2656.0
69 6 3947.0
51 86 3400.0
18 86 1394.0
87 50 3675.0
42 59 1358.0
54 34 2557.0
43 61 2171.0
62 69 3435.0
4 7 2757.0
23 71 4065.0
71 91 4056.0
40 11 2062.0
50 28 747.0
39 76 2534.0
91 73 3809.0
91 62 4285.0
39 32 2504.0
20 92 1884.0
3 77 4364.0
82 59 3877.0
85 38 3078.0
16 71 4260.0
85 75 2087.0
13 42 2249.0
48 47 928.0
66 55 141.0
28 13 4313.0
4 61 4267.0
46 4 4220.0
66 47 4412.0
14 5 688.0
19 2 485.0
20 83 1648.0
77 85 3203.0
2 29 3706.0
38 27 850.0
78 70 4124.0
1 24 1971.0
19 73 1050.0
74 62 3819.0
90 41 4394.0
92 34 1532.0
49 66 1717.0
51 37 3499.0
7 47 2943.0
65 14 4055.0
20 25 4215.0
3 84 2456.0
54 10 3404.0
15 66 2356.0
3 51 2535.0
83 69 786.0
50 34 4267.0
89 36 3725.0
46 76 254.0
56 93 3904.0
72 59 188.0
5 24 62.0
62 64 3647.0
26 27 4431.0
26 58 3062.0
55 80 2839.0
81 25 3200.0
73 8 2141.0
24 77 996.0
86 66 4331.0
63 96 1022.0
98 12 1260.0
37 64 1104.0
22 16 2790.0
57 33 3614.0
51 85 417.0
32 25 757.0
59 80 2545.0
41 45 3377.0
14 24 413.0
30 64 3171.0
29 6 2485.0
87 63 1286.0
92 67 242.0
60 12 3151.0
76 31 1662.0
45 13 315.0
41 74 1327.0
83 52 1629.0
21 13 3394.0
91 97 854.0
45 75 2405.0
20 51 2140.0
68 37 1764.0
10 24 641.0
5 84 4256.0
41 53 427.0
64 29 4163.0
80 21 3397.0
73 81 475.0
61 77 4153.0
30 15 1074.0
80 40 446.0
92 50 455.0
86 25 3904.0
98 20 1434.0
6 28 1580.0
21 72 4114.0
93 2 4408.0
16 61 2572.0
95 68 1201.0
77 54 524.0
71 10 856.0
72 88 2696.0
84 81 4104.0
50 26 3489.0
87 55 4105.0
50 66 3481.0
23 38 817.0
70 93 3366.0
96 15 3188.0
89 84 1331.0
95 55 3594.0
1 17 3074.0
43 89 2437.0
94 13 3859.0
10 27 1418.0
31 11 884.0
5 9 1765.0
10 80 4413.0
58 55 3814.0
88 50 1021.0
96 55 1810.0
14 93 2423.0
28 15 1435.0
34 42 788.0
44 93 2854.0
48 34 519.0
37 100 472.0
34 7 4153.0
40 78 3681.0
83 90 2105.0
100 27 4076.0
64 19 247.0
48 8 1427.0
22 79 3929.0
22 46 3010.0
77 59 634.0
87 10 2179.0
92 58 3410.0
30 37 4038.0
92 44 2330.0
63 100 3446.0
17 11 3673.0
21 15 2074.0
36 98 3575.0
13 10 551.0
56 13 2959.0
69 53 3840.0
52 89 4013.0
88 96 199.0
28 54 1827.0
97 81 3251.0
62 28 2347.0
42 21 1208.0
12 61 2853.0
14 57 4194.0
45 60 1110.0
26 35 2610.0
41 58 3556.0
1 52 4245.0
88 56 4129.0
94 95 1789.0
35 36 931.0
95 56 2889.0
6 74 371.0
45 62 919.0
71 72 1166.0
77 62 3099.0
35 38 914.0
53 35 3421.0
48 55 1432.0
89 22 123.0
87 4 2208.0
25 30 3535.0
18 39 2364.0
75 66 575.0
96 16 792.0
5 93 4451.0
26 67 2034.0
58 97 436.0
62 95 2118.0
89 21 1228.0
39 60 2749.0
90 2 2869.0
38 88 486.0
73 88 672.0
66 88 372.0
87 53 556.0
14 67 4104.0
65 33 2106.0
47 34 582.0
39 98 1153.0
25 91 4390.0
86 41 1651.0
31 14 1776.0
56 60 4345.0
95 47 1827.0
72 46 758.0
75 71 4288.0
51 7 1590.0
45 2 3832.0
39 5 1751.0
91 45 3001.0
36 75 3765.0
94 2 4337.0
79 54 1752.0
38 45 4027.0
2 28 3200.0
30 73 3083.0
71 100 1232.0
72 25 2777.0
69 99 1058.0
55 50 2325.0
100 20 3783.0
60 91 3537.0
57 61 1922.0
33 46 1186.0
67 48 346.0
53 19 3074.0
59 66 2622.0
21 92 830.0
87 98 2851.0
76 100 619.0
40 89 4322.0
3 56 270.0
80 77 2363.0
75 28 1649.0
73 60 1382.0
89 18 4256.0
81 90 1126.0
70 30 3978.0
54 5 950.0
51 14 976.0
20 87 25.0
4 27 4076.0
15 18 2768.0
50 41 2797.0
71 58 3063.0
20 6 1655.0
72 97 1946.0
18 26 2498.0
41 78 1322.0
73 54 2823.0
58 81 238.0
59 69 2150.0
30 65 2005.0
73 6 3871.0
29 74 2805.0
1 34 2384.0
44 23 3065.0
65 2 439.0
26 5 1725.0
24 43 1268.0
18 31 471.0
58 47 1449.0
7 64 3488.0
50 74 1675.0
41 67 3651.0
46 98 3419.0
93 82 2436.0
9 43 4151.0
80 82 3467.0
97 79 3349.0
80 7 272.0
75 59 2802.0
91 17 1456.0
20 96 2323.0
4 21 2875.0
59 88 3421.0
39 84 1925.0
96 71 280.0
97 26 3666.0
53 8 3867.0
38 76 1739.0
29 51 4408.0
24 45 4366.0
41 35 811.0
86 8 2852.0
13 4 85.0
19 67 1089.0
57 44 516.0
22 98 4405.0
61 100 3705.0
71 39 378.0
46 66 2160.0
41 66 4294.0
95 9 120.0
69 15 2370.0
44 46 499.0
75 94 1924.0
78 25 1918.0
21 18 3732.0
93 47 778.0
25 6 3210.0
60 41 1640.0
53 85 1951.0
48 14 330.0
1 75 486.0
7 81 4349.0
91 39 3100.0
73 28 58.0
45 15 942.0
55 35 1306.0
46 99 1367.0
1 90 851.0
41 93 3961.0
4 67 1424.0
64 79 3229.0
68 28 3011.0
59 23 1968.0
13 72 1542.0
13 15 3031.0
65 54 4001.0
47 3 2750.0
84 74 3820.0
4 92 1179.0
10 31 1107.0
19 16 2526.0
12 33 167.0
96 67 1696.0
44 48 2703.0
59 33 3870.0
51 35 2533.0
59 47 1116.0
32 38 78.0
7 2 2533.0
25 44 2969.0
7 31 408.0
82 68 1027.0
87 60 1705.0
32 54 1665.0
40 56 3551.0
77 13 4053.0
99 85 1880.0
99 4 3727.0
82 38 3891.0
21 93 3598.0
63 69 2112.0
64 3 958.0
68 77 3983.0
69 93 35.0
32 68 3250.0
19 87 486.0
82 19 3438.0
3 52 2608.0
96 73 4061.0
45 63 2913.0
1 49 2608.0
38 21 4212.0
88 39 499.0
66 73 710.0
18 96 1262.0
77 50 3598.0
18 85 902.0
34 57 1865.0
90 58 3224.0
42 32 1364.0
63 83 3881.0
48 17 3739.0
5 73 103.0
56 6 1930.0
71 54 2885.0
29 8 2715.0
13 6 2740.0
11 4 2358.0
76 7 291.0
36 41 3351.0
14 87 4426.0
15 33 1820.0
92 22 2063.0
89 60 2267.0
97 74 1933.0
