*Vertices 100
1 "4910"
2 "4994"
3 "4935"
4 "4925"
5 "4923"
6 "4916"
7 "4984"
8 "4986"
9 "4922"
10 "4915"
11 "4975"
12 "4930"
13 "4938"
14 "4989"
15 "4958"
16 "4933"
17 "4904"
18 "4960"
19 "4912"
20 "4918"
21 "4942"
22 "4965"
23 "4970"
24 "4950"
25 "4946"
26 "4943"
27 "4907"
28 "4969"
29 "4997"
30 "4957"
31 "4992"
32 "4939"
33 "4956"
34 "4945"
35 "4996"
36 "4961"
37 "4931"
38 "4985"
39 "4906"
40 "4949"
41 "4998"
42 "4966"
43 "4921"
44 "4991"
45 "4955"
46 "4920"
47 "4971"
48 "4972"
49 "4926"
50 "4976"
51 "4959"
52 "4962"
53 "4948"
54 "4934"
55 "4909"
56 "4968"
57 "4928"
58 "4919"
59 "4952"
60 "4901"
61 "4990"
62 "4944"
63 "4917"
64 "4978"
65 "4936"
66 "4979"
67 "4982"
68 "4974"
69 "4953"
70 "4902"
71 "4951"
72 "4980"
73 "4927"
74 "4932"
75 "4967"
76 "4988"
77 "4940"
78 "4929"
79 "4903"
80 "4947"
81 "4987"
82 "4999"
83 "4983"
84 "4913"
85 "4941"
86 "4993"
87 "4954"
88 "4964"
89 "4937"
90 "4924"
91 "4908"
92 "4914"
93 "4905"
94 "4963"
95 "4995"
96 "4911"
97 "4977"
98 "5000"
99 "4973"
100 "4981"
*Edges
69 65 751.0
84 29 540.0
33 83 572.0
68 57 512.0
82 63 1461.0
29 50 356.0
74 81 1082.0
59 55 1242.0
85 70 961.0
53 18 895.0
70 11 1461.0
37 29 1371.0
77 92 701.0
27 44 271.0
90 1 691.0
47 56 89.0
46 63 219.0
82 72 659.0
1 19 956.0
36 55 279.0
70 73 753.0
84 60 1399.0
67 50 750.0
76 56 1324.0
36 11 1056.0
64 66 724.0
47 27 897.0
38 9 256.0
89 90 364.0
24 34 1057.0
4 27 597.0
53 70 747.0
54 77 667.0
71 16 613.0
81 36 41.0
19 26 334.0
27 17 1483.0
28 52 1304.0
95 34 638.0
28 51 1031.0
99 90 774.0
45 74 248.0
17 74 108.0
100 50 1044.0
61 90 595.0
24 58 178.0
45 15 524.0
79 96 1467.0
41 87 492.0
54 38 551.0
25 90 334.0
24 36 345.0
90 4 1184.0
83 86 156.0
28 79 692.0
92 53 1428.0
40 62 1392.0
2 94 682.0
25 86 1088.0
32 72 1409.0
28 16 255.0
44 31 1189.0
28 32 1481.0
56 18 706.0
12 7 483.0
74 89 392.0
87 97 607.0
90 52 951.0
74 92 941.0
54 94 417.0
41 16 1430.0
85 6 710.0
41 35 1417.0
91 42 1267.0
58 46 631.0
61 51 1336.0
77 66 236.0
4 49 1257.0
70 43 1079.0
47 74 1065.0
90 41 127.0
80 52 1297.0
55 18 637.0
4 34 673.0
87 49 606.0
87 91 707.0
79 64 883.0
100 76 537.0
40 24 1316.0
21 97 413.0
61 62 228.0
45 13 949.0
9 6 1294.0
96 99 709.0
42 98 1070.0
34 94 910.0
38 50 254.0
39 23 981.0
21 11 9.0
59 51 19.0
1 54 551.0
97 30 1336.0
98 84 1209.0
58 89 11.0
21 78 559.0
73 75 880.0
66 72 229.0
86 21 166.0
30 100 448.0
28 74 1294.0
12 25 1279.0
84 28 26.0
48 18 552.0
43 63 1391.0
44 38 745.0
7 33 535.0
86 27 1185.0
41 48 470.0
53 40 555.0
54 7 376.0
57 78 573.0
64 34 730.0
76 55 237.0
10 50 1324.0
49 60 1393.0
84 4 159.0
100 12 709.0
66 8 1466.0
18 24 1392.0
81 62 1087.0
84 77 15.0
33 25 1227.0
71 2 18.0
12 76 47.0
75 79 44.0
44 100 1156.0
91 99 497.0
88 59 864.0
59 32 546.0
20 54 842.0
52 73 1110.0
62 34 1183.0
58 52 1268.0
36 44 795.0
82 86 1463.0
92 37 885.0
55 8 1471.0
79 16 1299.0
77 80 1125.0
42 62 109.0
2 42 931.0
52 35 263.0
76 70 1341.0
56 91 212.0
41 84 1013.0
3 35 894.0
65 46 425.0
18 68 18.0
11 85 532.0
8 45 1060.0
82 51 1462.0
41 20 1458.0
99 20 1412.0
5 71 1061.0
23 38 532.0
14 72 125.0
11 44 1049.0
14 55 1251.0
43 41 980.0
77 60 1373.0
41 89 330.0
18 47 465.0
14 32 443.0
29 24 1450.0
32 82 752.0
91 78 905.0
32 51 91.0
27 1 1002.0
46 22 960.0
22 92 1429.0
27 37 239.0
53 24 654.0
62 88 1212.0
90 92 823.0
4 96 1410.0
74 24 977.0
44 3 203.0
91 89 133.0
2 66 530.0
54 70 1412.0
50 88 161.0
97 61 971.0
14 65 417.0
72 79 985.0
1 29 947.0
85 91 21.0
41 60 1199.0
57 58 752.0
82 4 1142.0
14 84 105.0
51 66 376.0
85 47 1418.0
43 96 436.0
11 50 1264.0
70 64 900.0
100 22 1304.0
68 72 1183.0
17 62 1457.0
98 35 1246.0
25 65 260.0
50 26 1117.0
50 93 903.0
86 24 524.0
18 88 1088.0
51 70 516.0
55 86 1212.0
85 21 6.0
83 21 1031.0
22 15 41.0
9 72 786.0
8 32 783.0
90 22 375.0
33 44 1178.0
66 93 215.0
45 60 302.0
50 78 816.0
65 68 1283.0
82 16 742.0
66 89 970.0
41 14 447.0
26 46 117.0
49 73 518.0
58 87 1220.0
50 22 1339.0
69 66 1128.0
68 86 1215.0
61 44 1079.0
12 30 180.0
59 89 443.0
78 88 1336.0
67 95 782.0
45 70 614.0
64 75 7.0
17 93 730.0
43 27 131.0
81 100 366.0
9 85 880.0
21 24 203.0
71 20 314.0
64 60 504.0
34 19 354.0
15 56 507.0
19 44 147.0
77 100 1439.0
9 37 120.0
93 51 879.0
24 47 375.0
50 77 855.0
68 29 41.0
39 32 585.0
78 24 695.0
49 68 382.0
63 26 1117.0
29 56 930.0
19 100 1354.0
42 75 94.0
30 45 943.0
36 96 1232.0
63 41 957.0
54 41 1464.0
91 55 69.0
80 64 1118.0
60 53 839.0
32 21 116.0
13 38 1333.0
73 62 70.0
51 30 1392.0
55 1 867.0
53 82 1402.0
49 18 266.0
84 51 114.0
95 10 323.0
57 13 149.0
74 1 770.0
48 21 1265.0
93 54 1191.0
71 59 1103.0
90 70 1062.0
43 14 476.0
96 9 200.0
40 70 1474.0
8 43 744.0
30 11 201.0
5 95 1053.0
79 2 802.0
71 41 832.0
2 17 542.0
85 5 655.0
98 92 900.0
78 74 724.0
94 31 436.0
95 40 937.0
30 39 282.0
80 55 72.0
10 71 564.0
84 9 215.0
61 91 1108.0
52 15 1221.0
98 83 1343.0
97 93 786.0
99 68 801.0
17 38 1144.0
85 23 1289.0
61 29 1181.0
50 37 846.0
19 14 438.0
18 38 96.0
40 60 1409.0
96 57 754.0
26 24 747.0
36 58 1003.0
14 89 1046.0
26 37 958.0
46 31 91.0
43 11 717.0
53 42 12.0
71 9 817.0
80 75 17.0
84 5 1196.0
8 57 1204.0
77 53 1402.0
87 45 74.0
85 72 76.0
61 75 909.0
1 96 598.0
94 41 47.0
66 75 221.0
23 17 1013.0
52 57 130.0
11 31 1303.0
30 15 1013.0
93 38 800.0
97 81 469.0
64 89 568.0
58 54 319.0
77 85 948.0
89 73 353.0
4 25 826.0
10 70 966.0
90 35 69.0
82 10 714.0
58 45 1232.0
13 81 130.0
84 79 1083.0
44 40 233.0
94 33 1094.0
78 79 1061.0
2 95 192.0
54 56 1365.0
27 75 657.0
82 47 946.0
74 64 818.0
24 39 575.0
9 47 305.0
77 71 950.0
67 77 1428.0
87 84 617.0
4 77 1255.0
31 66 360.0
61 35 1370.0
67 99 719.0
47 72 1212.0
15 1 1480.0
29 38 1403.0
17 90 843.0
75 96 445.0
29 12 759.0
89 7 172.0
38 79 214.0
2 36 599.0
49 31 1182.0
46 12 646.0
21 33 1027.0
58 11 1100.0
96 56 1297.0
99 8 839.0
29 75 1412.0
100 34 1017.0
80 27 1432.0
95 8 870.0
73 57 999.0
64 82 767.0
17 96 1187.0
96 39 170.0
17 40 402.0
55 66 1111.0
64 13 47.0
79 36 842.0
89 30 1443.0
20 34 1331.0
22 99 491.0
65 29 1359.0
10 12 1261.0
65 22 648.0
14 34 812.0
96 73 427.0
25 35 1142.0
13 5 676.0
25 14 29.0
84 83 19.0
36 52 459.0
94 79 1352.0
47 53 266.0
2 58 807.0
51 46 825.0
10 44 1102.0
76 3 798.0
41 3 1271.0
42 43 583.0
55 48 1193.0
54 34 1142.0
93 21 698.0
68 11 762.0
16 92 931.0
4 14 272.0
84 78 174.0
6 2 654.0
66 62 531.0
46 25 1446.0
9 33 460.0
3 27 193.0
23 100 1196.0
95 16 272.0
60 31 1270.0
17 46 456.0
80 17 1416.0
96 89 1216.0
11 28 32.0
51 16 1485.0
64 53 1169.0
90 34 1156.0
29 77 705.0
95 27 1405.0
66 74 563.0
60 26 243.0
39 73 1270.0
4 28 641.0
90 69 1145.0
51 100 199.0
99 74 464.0
30 5 1445.0
79 53 1137.0
86 75 736.0
83 70 34.0
46 43 1202.0
50 75 9.0
42 33 798.0
3 45 903.0
35 5 535.0
42 83 881.0
29 22 587.0
8 81 1236.0
78 100 185.0
21 36 864.0
72 21 853.0
58 48 1484.0
96 86 143.0
75 31 1310.0
29 53 1195.0
90 13 819.0
58 6 1187.0
52 98 650.0
77 5 1358.0
71 62 955.0
42 32 190.0
19 28 657.0
95 35 756.0
21 50 572.0
49 35 814.0
82 26 921.0
8 92 702.0
54 3 542.0
2 49 1253.0
36 35 871.0
29 88 469.0
48 23 358.0
59 92 1033.0
70 79 352.0
91 69 937.0
57 39 385.0
53 5 1415.0
19 42 767.0
39 27 741.0
76 10 706.0
7 97 557.0
57 34 951.0
69 87 1343.0
51 53 1087.0
41 37 303.0
28 13 1122.0
20 58 997.0
47 49 257.0
26 41 1307.0
26 32 720.0
67 52 1290.0
69 17 518.0
68 82 1065.0
72 73 17.0
35 1 456.0
12 37 523.0
28 89 630.0
79 17 56.0
8 60 564.0
9 54 416.0
77 73 1022.0
12 34 33.0
53 86 1152.0
73 20 1222.0
44 2 62.0
88 52 784.0
43 1 573.0
24 7 1031.0
47 2 1414.0
95 31 1292.0
4 95 355.0
85 24 1110.0
69 28 101.0
30 88 1222.0
8 9 1004.0
11 4 100.0
29 60 117.0
73 21 1185.0
2 74 191.0
47 41 226.0
60 70 150.0
67 32 680.0
52 92 852.0
52 47 751.0
59 45 747.0
98 70 1413.0
26 92 46.0
1 75 523.0
6 94 634.0
92 86 641.0
98 53 677.0
23 47 1339.0
83 90 657.0
18 95 1479.0
87 56 38.0
12 70 343.0
11 35 1452.0
77 46 1451.0
12 83 345.0
4 40 209.0
28 63 1439.0
74 42 834.0
32 27 830.0
63 25 200.0
62 45 284.0
35 6 977.0
24 65 810.0
14 57 386.0
71 57 751.0
54 69 882.0
79 87 324.0
21 6 847.0
77 25 1247.0
72 42 1424.0
20 68 325.0
83 19 1384.0
88 89 93.0
44 4 300.0
33 69 635.0
49 6 556.0
38 8 684.0
65 39 1453.0
69 35 1455.0
47 48 563.0
96 6 201.0
87 54 1421.0
81 57 953.0
93 39 886.0
8 79 876.0
62 3 744.0
32 49 1240.0
7 16 26.0
65 96 951.0
75 60 1449.0
33 58 920.0
47 60 497.0
5 90 374.0
3 93 1052.0
3 59 1314.0
13 9 1089.0
71 83 844.0
100 67 1425.0
71 30 964.0
47 57 379.0
64 3 629.0
50 30 1192.0
78 12 716.0
35 17 184.0
10 78 1176.0
70 18 1404.0
37 84 170.0
61 23 262.0
12 75 933.0
5 68 344.0
44 87 131.0
84 92 523.0
65 75 175.0
62 41 660.0
17 59 941.0
9 70 1139.0
82 15 1041.0
87 34 284.0
10 60 578.0
52 89 1455.0
83 7 1421.0
27 91 134.0
29 18 271.0
26 74 705.0
57 90 1198.0
5 74 719.0
57 44 1399.0
82 34 1475.0
47 50 34.0
75 71 100.0
49 92 532.0
3 83 13.0
84 39 1306.0
19 84 167.0
25 49 336.0
69 80 377.0
68 19 353.0
82 44 837.0
63 36 1310.0
76 85 67.0
69 55 9.0
81 48 1301.0
44 64 962.0
17 21 41.0
12 77 801.0
47 84 1258.0
32 5 1453.0
88 80 85.0
11 5 825.0
76 88 1468.0
8 52 194.0
33 14 1329.0
95 49 327.0
80 79 820.0
14 70 1165.0
28 27 119.0
59 57 695.0
83 62 1437.0
41 19 1436.0
79 44 944.0
30 63 738.0
62 86 600.0
51 49 847.0
53 2 955.0
69 48 1135.0
99 23 422.0
36 31 594.0
51 13 713.0
85 18 13.0
81 43 1357.0
2 51 760.0
77 15 176.0
51 77 490.0
86 61 387.0
77 78 594.0
96 19 684.0
88 22 709.0
84 73 938.0
41 70 510.0
96 12 89.0
22 42 86.0
3 87 579.0
13 60 1238.0
83 31 32.0
87 67 1458.0
100 40 539.0
17 22 1293.0
75 45 758.0
84 3 760.0
6 18 164.0
39 34 682.0
93 9 540.0
88 24 53.0
94 78 322.0
36 89 994.0
56 24 870.0
97 62 1041.0
90 31 1433.0
42 38 880.0
8 12 1393.0
86 2 1350.0
27 26 1053.0
90 39 223.0
27 81 129.0
85 78 692.0
29 41 1471.0
63 52 476.0
10 16 1072.0
50 85 1277.0
77 35 61.0
11 63 689.0
16 84 82.0
7 53 59.0
92 96 813.0
41 38 679.0
53 97 265.0
68 14 491.0
3 20 969.0
96 98 460.0
75 39 692.0
7 38 1365.0
45 33 1313.0
11 89 789.0
46 79 1209.0
39 8 313.0
58 31 702.0
26 7 1039.0
100 8 833.0
14 77 481.0
76 37 637.0
68 52 1484.0
50 34 45.0
93 6 471.0
54 91 845.0
60 35 211.0
93 34 778.0
63 32 1240.0
38 15 91.0
70 87 796.0
87 75 12.0
96 74 541.0
79 48 1468.0
86 36 573.0
92 43 477.0
9 19 335.0
37 74 1459.0
45 97 541.0
80 13 1047.0
58 14 950.0
79 42 1298.0
56 28 416.0
40 57 1338.0
43 87 1088.0
12 58 1317.0
93 59 1455.0
25 19 396.0
97 36 51.0
12 31 1061.0
18 64 527.0
1 20 439.0
2 29 319.0
55 57 272.0
80 74 953.0
69 64 1228.0
3 49 882.0
36 15 948.0
34 69 31.0
75 26 1075.0
44 73 277.0
11 1 1230.0
75 56 1161.0
85 28 247.0
54 99 1256.0
62 53 328.0
96 7 1116.0
25 52 1164.0
68 71 230.0
83 30 858.0
4 35 1232.0
97 71 1441.0
37 44 403.0
29 45 1074.0
25 48 1070.0
71 26 1199.0
17 28 1086.0
88 60 1226.0
33 53 1263.0
37 19 453.0
38 94 948.0
38 61 610.0
89 55 979.0
94 63 675.0
19 90 1227.0
3 69 434.0
28 46 285.0
31 51 1293.0
95 90 605.0
23 22 88.0
70 63 1221.0
35 55 776.0
22 16 1362.0
85 60 655.0
97 6 1004.0
27 56 1231.0
15 16 366.0
24 43 1121.0
73 85 327.0
59 31 106.0
19 64 351.0
24 28 788.0
60 34 729.0
54 76 1153.0
32 24 299.0
55 74 542.0
30 27 995.0
72 60 806.0
32 56 132.0
22 44 535.0
17 57 22.0
63 13 500.0
94 43 719.0
67 90 739.0
82 56 469.0
72 100 110.0
83 8 271.0
17 68 95.0
36 41 488.0
43 25 316.0
71 42 449.0
38 6 1174.0
32 70 624.0
35 13 499.0
47 65 1369.0
43 33 1009.0
91 6 1047.0
67 61 13.0
85 63 242.0
61 55 1368.0
53 14 1406.0
25 9 106.0
99 53 899.0
3 14 46.0
18 36 175.0
55 6 85.0
8 98 166.0
49 71 1455.0
32 58 709.0
85 22 1177.0
65 71 944.0
16 75 1114.0
36 40 491.0
87 77 393.0
88 58 612.0
61 59 591.0
23 4 417.0
49 91 1018.0
8 27 968.0
25 96 904.0
48 2 1342.0
41 65 241.0
97 2 1439.0
94 81 298.0
13 96 176.0
54 8 868.0
95 55 720.0
28 8 839.0
10 53 486.0
80 3 373.0
49 100 448.0
7 76 1421.0
89 100 345.0
22 77 1285.0
5 44 657.0
60 80 1240.0
48 38 1005.0
91 17 995.0
51 14 1413.0
58 100 45.0
36 80 1105.0
64 24 1177.0
59 33 516.0
67 83 1001.0
78 48 649.0
60 59 198.0
94 40 54.0
20 18 1115.0
88 13 299.0
20 12 826.0
41 82 1364.0
93 69 215.0
38 65 1245.0
61 85 1144.0
28 43 1403.0
37 23 895.0
37 77 1267.0
55 5 62.0
31 8 616.0
66 1 1323.0
59 41 4.0
68 13 659.0
10 9 1362.0
86 70 282.0
35 54 1090.0
75 97 1173.0
13 86 249.0
3 2 1275.0
75 2 144.0
76 49 54.0
45 35 112.0
28 75 949.0
94 9 1371.0
51 98 68.0
1 42 1157.0
66 39 1073.0
26 35 231.0
33 87 335.0
26 62 744.0
4 52 948.0
10 1 144.0
75 9 144.0
14 44 319.0
100 61 1264.0
10 30 49.0
6 54 857.0
79 92 157.0
24 89 1111.0
19 40 332.0
44 88 533.0
11 53 1434.0
26 23 247.0
29 80 524.0
96 62 692.0
74 85 967.0
98 75 136.0
60 87 339.0
85 26 1068.0
50 46 214.0
94 36 273.0
92 19 1371.0
28 2 263.0
68 43 899.0
42 76 446.0
48 5 566.0
35 12 500.0
66 57 1338.0
44 66 2.0
42 59 924.0
13 32 1257.0
86 89 364.0
15 29 1233.0
40 72 1192.0
57 24 853.0
92 17 1161.0
94 45 506.0
69 8 97.0
9 34 1442.0
47 79 72.0
55 25 408.0
73 81 958.0
57 25 812.0
61 71 1440.0
43 55 1156.0
1 51 965.0
83 45 379.0
22 96 1473.0
36 10 1105.0
1 82 597.0
90 28 76.0
1 73 1003.0
59 36 464.0
55 98 186.0
30 6 375.0
42 21 371.0
16 33 180.0
40 2 651.0
48 49 358.0
47 25 218.0
9 5 1123.0
15 42 813.0
80 63 632.0
3 65 415.0
69 96 1300.0
16 56 297.0
13 17 892.0
57 2 802.0
56 61 321.0
99 13 936.0
91 98 397.0
74 36 1259.0
22 60 1426.0
73 94 411.0
87 38 757.0
71 17 415.0
24 20 448.0
59 2 1368.0
91 92 1261.0
8 44 434.0
24 52 1331.0
22 69 990.0
12 28 79.0
39 64 173.0
100 86 279.0
90 11 284.0
20 86 337.0
76 14 1251.0
95 78 1133.0
97 31 754.0
89 75 298.0
89 13 1134.0
55 42 322.0
99 1 1293.0
63 20 951.0
8 21 595.0
68 83 1038.0
55 11 1241.0
29 11 973.0
10 93 199.0
25 72 1273.0
27 6 1321.0
50 32 1478.0
52 74 115.0
84 97 205.0
99 15 356.0
24 48 451.0
68 60 357.0
77 7 1295.0
13 22 896.0
86 71 646.0
79 85 1463.0
11 17 13.0
33 31 1182.0
81 11 442.0
93 28 319.0
86 98 463.0
74 16 63.0
85 14 167.0
37 28 302.0
15 23 1272.0
52 61 1479.0
89 68 666.0
50 56 1172.0
91 32 1315.0
91 82 725.0
49 72 828.0
60 58 588.0
63 62 155.0
83 88 233.0
15 26 695.0
35 50 551.0
50 68 714.0
55 21 1313.0
64 32 249.0
5 67 954.0
23 91 332.0
97 28 710.0
41 66 1350.0
11 47 362.0
58 17 922.0
58 75 1141.0
44 74 1027.0
80 20 439.0
61 31 841.0
13 70 1389.0
30 58 4.0
21 79 1187.0
10 35 722.0
60 73 52.0
30 47 19.0
87 36 1083.0
8 4 1324.0
34 28 1462.0
67 21 816.0
98 99 1379.0
32 29 8.0
56 17 1309.0
43 77 267.0
23 34 226.0
52 54 66.0
61 84 554.0
54 5 619.0
40 54 1044.0
42 94 1053.0
65 64 174.0
11 46 1321.0
1 50 1362.0
19 39 1070.0
87 28 167.0
8 62 1159.0
47 26 394.0
82 98 691.0
73 15 279.0
30 25 994.0
79 82 771.0
46 18 1157.0
54 47 1469.0
9 74 1422.0
81 76 667.0
15 21 1182.0
6 62 1283.0
40 31 562.0
26 43 1384.0
34 98 1111.0
4 75 245.0
63 92 358.0
7 93 846.0
33 23 1381.0
55 34 908.0
52 30 750.0
7 67 916.0
95 7 116.0
46 32 676.0
24 69 1298.0
3 57 174.0
27 65 480.0
93 11 170.0
77 91 653.0
32 87 42.0
41 24 205.0
19 58 1390.0
72 92 584.0
72 52 1232.0
33 34 952.0
92 10 32.0
12 6 61.0
25 6 420.0
52 7 685.0
89 34 505.0
3 40 29.0
62 85 1240.0
86 67 1165.0
16 57 420.0
9 41 657.0
62 94 1352.0
42 64 1104.0
50 49 745.0
70 23 1462.0
55 90 970.0
51 35 1204.0
10 54 343.0
4 72 1204.0
67 71 1479.0
70 91 595.0
17 73 945.0
80 53 61.0
19 7 1339.0
59 69 79.0
90 8 348.0
84 42 792.0
51 48 823.0
16 61 443.0
50 55 899.0
22 54 628.0
57 38 295.0
72 41 225.0
6 43 157.0
86 5 10.0
43 20 1388.0
67 55 293.0
41 55 831.0
77 9 1128.0
10 96 514.0
59 26 854.0
71 51 544.0
7 23 1286.0
52 83 384.0
95 9 1347.0
62 14 698.0
64 73 1301.0
16 5 211.0
24 49 249.0
82 7 36.0
23 96 1194.0
100 1 1197.0
45 38 592.0
95 76 1029.0
46 68 677.0
18 89 65.0
52 94 781.0
50 17 942.0
59 73 90.0
20 21 622.0
23 40 182.0
4 79 45.0
47 71 332.0
52 5 420.0
95 64 856.0
10 19 896.0
27 62 1322.0
10 17 862.0
83 29 680.0
49 13 256.0
7 91 253.0
9 12 507.0
30 86 385.0
14 26 173.0
45 40 1345.0
57 89 535.0
54 33 405.0
92 50 873.0
100 84 931.0
33 30 1449.0
8 16 1345.0
40 50 896.0
75 24 227.0
32 77 1126.0
83 4 1211.0
37 75 835.0
62 19 513.0
15 33 1259.0
40 63 537.0
79 88 1201.0
29 85 982.0
88 55 452.0
12 13 246.0
94 56 411.0
64 41 380.0
83 57 1480.0
58 77 185.0
91 50 1330.0
60 54 1007.0
14 82 497.0
66 67 1112.0
21 26 362.0
68 4 332.0
63 68 1057.0
18 39 166.0
49 41 1000.0
77 75 343.0
69 23 440.0
48 8 521.0
23 65 24.0
43 65 1.0
46 76 624.0
86 18 513.0
27 85 1451.0
29 39 1019.0
6 100 800.0
83 22 812.0
36 37 1339.0
89 12 957.0
38 36 551.0
47 92 335.0
15 43 1352.0
9 4 846.0
81 89 703.0
12 51 404.0
35 29 482.0
51 81 1314.0
20 97 971.0
52 23 1253.0
59 66 735.0
9 79 884.0
11 49 21.0
98 60 1367.0
12 65 1428.0
95 37 711.0
91 36 1325.0
56 98 1186.0
29 98 367.0
14 61 466.0
44 20 862.0
99 64 1173.0
53 39 1017.0
62 46 192.0
72 17 761.0
82 89 1244.0
59 46 152.0
33 32 30.0
45 85 587.0
45 54 702.0
56 1 356.0
31 63 662.0
30 80 415.0
79 67 363.0
67 33 1313.0
12 59 1456.0
94 29 777.0
60 37 581.0
15 14 1290.0
79 55 374.0
45 43 903.0
49 10 1020.0
84 59 710.0
40 43 1378.0
36 78 1474.0
65 93 157.0
5 57 884.0
44 12 624.0
97 96 589.0
17 63 235.0
86 45 1282.0
62 52 232.0
80 1 610.0
14 56 156.0
45 20 1375.0
47 77 179.0
10 6 293.0
22 63 179.0
60 5 1238.0
83 34 308.0
24 22 823.0
73 23 603.0
34 47 458.0
24 71 796.0
15 46 705.0
56 5 755.0
29 44 323.0
36 76 111.0
8 35 1247.0
84 49 325.0
4 13 201.0
43 9 1289.0
94 88 1065.0
83 61 691.0
34 75 519.0
50 97 179.0
7 50 952.0
24 83 1459.0
37 2 513.0
95 66 1172.0
71 78 616.0
82 74 959.0
28 72 839.0
3 26 1481.0
28 86 1069.0
14 20 144.0
97 94 1211.0
78 18 511.0
10 47 1314.0
23 56 1234.0
32 95 579.0
81 64 601.0
8 6 898.0
25 56 219.0
31 67 269.0
87 19 1069.0
4 69 162.0
3 12 1087.0
71 80 805.0
3 22 1172.0
43 59 1126.0
69 11 909.0
82 83 944.0
85 94 535.0
36 17 555.0
95 26 456.0
2 77 1272.0
47 12 1484.0
27 23 1340.0
45 26 1218.0
4 20 126.0
52 21 534.0
42 36 439.0
97 70 592.0
18 54 1188.0
88 2 826.0
32 97 1307.0
15 51 600.0
94 20 1287.0
70 39 341.0
6 37 1000.0
30 37 978.0
28 18 279.0
48 77 1084.0
26 28 144.0
97 59 829.0
9 48 1132.0
83 36 1262.0
1 44 152.0
21 27 472.0
86 93 873.0
71 92 1088.0
86 39 622.0
14 16 1235.0
46 94 1056.0
86 17 958.0
51 67 392.0
25 91 1259.0
96 27 1193.0
26 64 776.0
16 54 1068.0
16 96 483.0
42 13 245.0
51 40 972.0
33 71 748.0
64 49 1181.0
41 77 973.0
25 80 525.0
39 92 1065.0
48 82 575.0
63 23 308.0
67 18 63.0
67 36 1229.0
78 25 215.0
95 82 101.0
45 55 500.0
30 94 625.0
92 48 325.0
78 47 1000.0
58 7 1013.0
51 18 289.0
40 97 405.0
13 66 981.0
17 15 724.0
20 59 1361.0
50 60 639.0
45 96 1448.0
81 22 456.0
29 5 718.0
97 83 545.0
55 39 1001.0
75 49 556.0
61 2 526.0
65 89 398.0
30 95 986.0
90 46 1137.0
47 88 506.0
97 22 510.0
75 63 880.0
40 76 929.0
38 28 753.0
86 15 930.0
48 99 678.0
81 3 262.0
68 34 689.0
72 34 817.0
80 100 160.0
9 78 1185.0
43 91 1372.0
34 25 1148.0
80 41 398.0
96 87 876.0
72 99 344.0
68 84 1053.0
21 69 1300.0
9 20 489.0
82 59 1197.0
50 27 677.0
33 56 1271.0
74 43 1260.0
53 44 1312.0
90 9 1076.0
83 96 125.0
43 66 1410.0
96 90 26.0
66 32 578.0
49 37 1110.0
51 60 127.0
18 61 664.0
42 24 1336.0
38 24 809.0
79 56 1415.0
99 71 1126.0
63 56 1158.0
6 63 1070.0
20 66 1257.0
50 20 1015.0
32 92 1097.0
44 18 351.0
60 2 495.0
6 56 860.0
4 85 12.0
51 85 521.0
25 66 68.0
97 64 553.0
100 38 1478.0
49 93 278.0
46 84 986.0
58 8 149.0
58 16 690.0
77 56 1236.0
79 34 1341.0
22 26 645.0
32 84 10.0
28 23 466.0
87 85 550.0
37 52 795.0
59 38 1296.0
9 73 827.0
35 64 266.0
19 53 1171.0
75 32 1056.0
31 86 734.0
6 76 310.0
69 29 491.0
2 24 883.0
37 69 1329.0
