*Vertices 100
1 "927"
2 "953"
3 "984"
4 "993"
5 "903"
6 "901"
7 "979"
8 "908"
9 "988"
10 "986"
11 "965"
12 "926"
13 "912"
14 "994"
15 "928"
16 "983"
17 "904"
18 "954"
19 "972"
20 "902"
21 "991"
22 "949"
23 "981"
24 "907"
25 "973"
26 "977"
27 "964"
28 "989"
29 "918"
30 "999"
31 "920"
32 "938"
33 "957"
34 "909"
35 "970"
36 "916"
37 "955"
38 "992"
39 "914"
40 "923"
41 "956"
42 "937"
43 "915"
44 "930"
45 "974"
46 "925"
47 "958"
48 "966"
49 "944"
50 "959"
51 "921"
52 "960"
53 "924"
54 "945"
55 "967"
56 "939"
57 "917"
58 "931"
59 "947"
60 "929"
61 "995"
62 "990"
63 "911"
64 "943"
65 "913"
66 "996"
67 "919"
68 "922"
69 "906"
70 "978"
71 "950"
72 "961"
73 "942"
74 "982"
75 "951"
76 "1000"
77 "987"
78 "980"
79 "935"
80 "932"
81 "940"
82 "968"
83 "963"
84 "976"
85 "997"
86 "985"
87 "952"
88 "941"
89 "948"
90 "933"
91 "975"
92 "962"
93 "905"
94 "936"
95 "971"
96 "998"
97 "934"
98 "946"
99 "910"
100 "969"
*Edges
22 51 584.0
81 87 1044.0
58 100 1497.0
29 36 637.0
51 87 203.0
3 96 1280.0
41 61 979.0
77 66 836.0
98 20 4907.0
58 39 3769.0
25 67 2594.0
71 10 1368.0
40 76 3474.0
73 74 4889.0
90 35 3857.0
76 14 4501.0
55 4 2256.0
52 22 542.0
33 21 3293.0
49 43 2376.0
93 97 4464.0
58 32 199.0
32 85 2330.0
19 69 4288.0
82 92 1364.0
23 2 4605.0
16 98 2012.0
31 46 2637.0
5 17 3603.0
74 84 2918.0
43 17 1038.0
30 49 1032.0
66 56 689.0
34 75 242.0
4 35 3390.0
7 5 3060.0
69 48 665.0
61 47 4408.0
81 66 2754.0
80 91 1094.0
97 49 798.0
32 18 1361.0
53 65 3445.0
71 1 1738.0
58 98 3511.0
72 89 69.0
29 71 982.0
62 76 4693.0
17 4 956.0
59 94 3089.0
72 65 4500.0
76 59 4356.0
83 27 2099.0
18 54 630.0
12 4 3018.0
38 42 1246.0
77 61 1290.0
61 54 3272.0
29 2 691.0
73 10 2829.0
77 22 213.0
58 21 807.0
37 75 1549.0
9 79 3190.0
47 15 4133.0
28 83 3363.0
3 44 399.0
22 17 2223.0
74 61 3434.0
96 87 4287.0
30 43 1701.0
94 74 2818.0
72 4 4811.0
90 87 1708.0
99 76 1614.0
13 71 851.0
47 42 3978.0
52 33 3029.0
26 35 1659.0
61 100 1927.0
71 8 1602.0
92 53 2102.0
56 82 2851.0
77 95 795.0
9 51 1921.0
92 6 1064.0
37 7 3562.0
83 7 871.0
53 24 4928.0
34 54 2759.0
79 5 4681.0
96 78 3349.0
92 86 271.0
75 98 2085.0
56 81 3543.0
18 68 1974.0
2 49 673.0
76 37 253.0
20 25 2066.0
3 74 4178.0
89 54 4247.0
76 70 1985.0
84 85 312.0
84 39 1672.0
87 3 1451.0
40 9 1423.0
40 80 4163.0
6 59 1750.0
82 6 2055.0
97 72 2004.0
61 90 602.0
98 1 2147.0
21 17 4811.0
98 83 332.0
27 65 376.0
47 93 333.0
44 99 930.0
67 2 752.0
16 68 4786.0
66 57 3593.0
30 71 4164.0
5 11 3861.0
56 57 2623.0
18 63 4402.0
16 50 4134.0
6 94 3849.0
23 93 2770.0
48 100 1691.0
87 32 4898.0
7 55 3618.0
17 99 1262.0
92 11 2770.0
20 53 894.0
19 66 1017.0
28 64 214.0
88 49 2900.0
7 12 2273.0
2 71 2160.0
42 93 4114.0
71 93 3796.0
85 76 2085.0
23 49 1588.0
15 94 1005.0
76 68 4206.0
41 19 3190.0
46 21 1743.0
32 24 61.0
42 10 4727.0
55 18 2356.0
91 51 654.0
9 99 1021.0
22 19 4161.0
29 6 2571.0
29 58 2654.0
40 23 64.0
65 64 1076.0
69 77 91.0
27 64 3114.0
8 35 1310.0
73 54 1142.0
6 24 3113.0
44 28 4904.0
80 41 530.0
54 71 3138.0
74 45 2059.0
33 72 405.0
21 50 3943.0
28 90 548.0
37 100 3233.0
61 29 2682.0
13 62 918.0
19 78 4064.0
50 23 4948.0
63 36 3049.0
31 63 4112.0
39 95 601.0
5 47 2664.0
69 32 4113.0
76 42 2033.0
92 19 2815.0
10 91 1688.0
21 2 1572.0
5 88 479.0
5 25 3224.0
54 37 949.0
32 70 799.0
50 37 3537.0
38 39 3219.0
73 93 1071.0
41 70 1968.0
97 18 4947.0
14 79 2781.0
71 92 2712.0
73 90 2353.0
49 70 4918.0
38 15 15.0
32 64 2873.0
79 13 1856.0
38 88 1179.0
43 12 2656.0
100 22 4737.0
5 61 4544.0
67 10 604.0
69 21 1420.0
96 99 63.0
22 82 2425.0
24 68 4049.0
66 54 4425.0
58 63 666.0
25 38 3242.0
16 56 1585.0
82 40 4410.0
88 31 3845.0
47 19 1833.0
35 97 1296.0
8 93 4105.0
23 24 1416.0
54 16 1437.0
89 53 4493.0
58 81 4717.0
36 42 4834.0
8 96 2930.0
34 64 516.0
74 24 1969.0
57 46 3381.0
65 4 1661.0
87 62 4229.0
69 17 316.0
61 31 1466.0
29 11 398.0
68 41 1540.0
92 43 2361.0
87 21 3497.0
81 8 960.0
86 72 1902.0
89 48 1611.0
64 52 4456.0
70 91 3124.0
6 96 1457.0
39 23 4669.0
27 96 1637.0
49 77 468.0
30 98 2648.0
16 13 1218.0
22 44 2886.0
40 53 3742.0
7 63 3980.0
49 75 2878.0
59 56 1966.0
65 19 1234.0
82 54 3968.0
4 33 2224.0
9 82 1709.0
43 27 178.0
1 80 1903.0
30 94 3379.0
79 40 4446.0
70 57 1320.0
77 31 2926.0
91 60 470.0
27 49 4698.0
75 80 1324.0
66 20 2881.0
29 30 1818.0
59 54 2848.0
9 26 2513.0
79 69 893.0
70 48 1292.0
34 30 4561.0
10 41 4717.0
30 76 3966.0
15 76 592.0
17 78 3850.0
95 72 519.0
79 45 2655.0
35 48 1967.0
5 16 3609.0
65 95 1299.0
61 7 1122.0
20 37 2904.0
6 41 3573.0
29 85 4446.0
93 37 4909.0
30 3 1963.0
46 45 3059.0
59 42 1985.0
33 81 3221.0
51 30 2461.0
68 82 4216.0
60 64 3182.0
41 7 2535.0
95 94 4640.0
18 94 3532.0
73 61 4278.0
74 36 4941.0
22 7 2564.0
55 74 4235.0
99 70 3394.0
7 33 4563.0
60 26 699.0
51 69 2482.0
60 50 2994.0
11 65 4243.0
81 12 4629.0
71 55 2891.0
92 85 3171.0
83 55 383.0
7 9 812.0
99 38 200.0
30 69 1793.0
85 43 688.0
79 42 195.0
3 77 515.0
72 13 823.0
14 59 3387.0
54 4 4137.0
33 38 4180.0
47 23 2749.0
96 72 1738.0
97 4 133.0
31 70 2295.0
9 88 1338.0
80 11 2625.0
75 26 153.0
74 53 3510.0
66 17 3088.0
97 85 4204.0
48 42 1840.0
12 53 2132.0
12 60 3495.0
81 5 4160.0
41 14 4187.0
55 63 2043.0
6 100 1196.0
37 40 2461.0
13 57 4777.0
29 9 3052.0
65 32 3554.0
83 42 3088.0
85 38 2276.0
92 95 4185.0
33 40 4920.0
95 82 3450.0
15 46 748.0
25 36 3881.0
54 32 3293.0
57 94 3248.0
53 50 447.0
20 92 1261.0
9 32 4924.0
20 24 239.0
56 48 2943.0
92 58 2343.0
20 84 1651.0
90 24 3113.0
58 91 4652.0
100 54 3866.0
85 99 2867.0
95 63 3878.0
84 45 2210.0
27 86 1641.0
31 48 1616.0
28 79 249.0
4 73 3649.0
45 81 3923.0
24 95 1874.0
38 54 4524.0
97 74 894.0
61 71 4072.0
19 96 3599.0
94 27 2868.0
91 89 4102.0
71 40 4281.0
57 20 1499.0
54 99 539.0
78 60 128.0
16 64 2503.0
62 36 1264.0
95 98 210.0
18 61 3331.0
7 45 2598.0
86 30 2423.0
44 82 2639.0
88 39 4369.0
91 94 4685.0
20 36 706.0
14 32 2472.0
90 60 2178.0
99 31 2502.0
1 95 3991.0
65 1 906.0
74 4 4092.0
11 96 3539.0
42 22 3233.0
90 98 3703.0
80 31 2252.0
8 41 2551.0
48 4 4096.0
34 55 2984.0
83 69 2749.0
100 30 1019.0
82 72 2176.0
94 93 4701.0
76 58 1712.0
37 8 2598.0
64 82 4830.0
100 3 2842.0
38 45 4001.0
38 26 3307.0
45 57 2922.0
55 20 4004.0
97 33 1520.0
25 57 4560.0
91 17 1240.0
10 25 4200.0
14 99 2383.0
23 98 4721.0
66 62 3743.0
26 88 2591.0
58 90 1687.0
3 28 3101.0
56 53 895.0
40 28 1312.0
91 29 4135.0
55 80 1094.0
47 30 1422.0
86 53 2955.0
84 3 4324.0
40 55 3138.0
95 50 3531.0
11 57 712.0
60 82 3130.0
21 86 2615.0
31 3 1324.0
4 31 4478.0
36 98 79.0
85 51 2126.0
71 77 4276.0
78 51 1647.0
33 49 2058.0
14 53 4303.0
6 78 2649.0
32 78 87.0
31 50 204.0
51 42 822.0
1 44 1920.0
61 30 4044.0
78 5 256.0
90 47 2833.0
93 87 1716.0
2 28 533.0
37 59 2456.0
57 51 4114.0
66 30 4128.0
81 6 3079.0
63 35 171.0
55 6 4741.0
45 93 265.0
84 67 3380.0
45 56 3042.0
97 56 82.0
89 24 784.0
62 80 4284.0
58 65 3911.0
78 98 4780.0
38 48 3773.0
67 8 2805.0
56 74 2127.0
1 6 2094.0
50 54 4892.0
87 38 2392.0
50 17 2182.0
25 58 4345.0
74 17 883.0
20 19 1773.0
89 43 889.0
36 33 3849.0
15 86 4286.0
47 16 1972.0
76 41 3131.0
23 73 2767.0
93 99 1882.0
35 85 4055.0
37 83 1193.0
4 45 2566.0
56 21 327.0
59 74 699.0
90 48 1198.0
51 88 680.0
87 7 2048.0
31 95 1528.0
56 12 3838.0
91 83 4886.0
12 97 3046.0
48 24 3174.0
46 90 4739.0
77 88 152.0
67 34 4453.0
44 8 2745.0
74 6 1770.0
31 100 211.0
49 48 3547.0
67 16 37.0
88 45 3968.0
23 67 2735.0
11 33 3687.0
67 45 3735.0
52 15 3637.0
28 72 3468.0
75 14 2425.0
81 13 299.0
55 23 1302.0
47 50 3424.0
60 95 4017.0
47 51 2577.0
43 47 2203.0
1 96 3303.0
75 66 738.0
84 53 2008.0
52 32 4385.0
83 20 729.0
67 65 1496.0
75 62 1046.0
9 81 1394.0
13 28 4819.0
40 88 3154.0
27 35 432.0
68 42 1599.0
62 50 4638.0
32 61 37.0
64 10 3309.0
100 20 1445.0
60 62 3042.0
17 14 4414.0
67 85 3389.0
35 62 3782.0
45 91 4319.0
28 73 4844.0
35 72 2719.0
11 49 2538.0
3 4 2185.0
38 30 2076.0
47 37 1032.0
52 17 3598.0
62 86 4714.0
45 21 4242.0
94 84 4226.0
17 25 3013.0
78 73 4242.0
16 20 2196.0
7 8 1030.0
19 94 3095.0
3 17 2309.0
68 86 2797.0
97 63 2419.0
58 8 1416.0
55 28 4196.0
27 39 1835.0
78 43 2251.0
85 65 1901.0
63 92 4523.0
6 99 1711.0
52 1 484.0
55 68 2563.0
35 57 2158.0
76 44 2960.0
76 4 4613.0
87 100 370.0
60 27 1141.0
84 88 3488.0
53 55 3449.0
31 8 2299.0
73 44 1055.0
84 31 1322.0
15 40 1511.0
91 79 245.0
39 22 2677.0
16 18 4595.0
11 34 2458.0
73 92 873.0
40 30 3616.0
51 58 2185.0
55 35 1603.0
54 57 3318.0
41 11 2870.0
45 42 4072.0
18 96 3914.0
42 11 2258.0
52 76 959.0
36 90 2399.0
79 25 317.0
60 40 1935.0
10 6 4741.0
80 12 4834.0
84 10 3233.0
74 90 3445.0
79 4 3221.0
45 90 348.0
87 72 4317.0
44 19 1615.0
88 29 434.0
16 100 4640.0
62 21 1141.0
28 22 2017.0
80 6 294.0
79 7 2.0
12 78 3485.0
25 50 967.0
47 52 4006.0
63 43 3678.0
86 98 2840.0
36 18 4813.0
47 75 4219.0
26 78 2990.0
98 4 983.0
82 73 1026.0
22 80 3260.0
9 61 475.0
46 91 1312.0
56 3 789.0
80 38 3253.0
31 15 1559.0
18 17 3255.0
48 34 2817.0
86 47 1609.0
16 48 4457.0
37 39 2184.0
62 33 667.0
33 70 4003.0
46 81 613.0
39 75 1212.0
44 43 4718.0
89 1 2425.0
97 44 2606.0
58 23 2650.0
6 93 137.0
50 15 4083.0
81 63 1555.0
64 5 1422.0
41 59 187.0
90 3 3719.0
56 80 1349.0
75 72 980.0
84 16 2232.0
88 52 1638.0
42 66 3013.0
27 97 1817.0
13 45 4757.0
81 67 379.0
77 44 3837.0
17 76 2773.0
3 63 502.0
91 30 3278.0
98 72 618.0
7 75 4820.0
14 44 3648.0
82 70 856.0
74 93 1004.0
94 54 1378.0
90 59 1029.0
95 78 197.0
44 94 4570.0
78 42 1899.0
79 94 4661.0
20 65 2692.0
74 43 2355.0
19 53 2411.0
82 50 3229.0
40 21 355.0
39 11 3586.0
86 20 4457.0
79 47 3637.0
6 13 2615.0
65 91 2129.0
11 8 4394.0
2 45 3129.0
11 88 3920.0
84 38 1711.0
94 14 367.0
24 70 3296.0
35 15 4228.0
75 100 948.0
98 55 2322.0
71 6 2279.0
91 38 4777.0
14 74 2475.0
56 41 2387.0
34 79 2499.0
46 49 899.0
91 21 3301.0
61 43 757.0
54 95 4094.0
7 3 3716.0
17 54 1744.0
68 69 4346.0
68 87 446.0
25 45 1173.0
3 89 4925.0
18 87 3172.0
39 19 4241.0
96 62 1154.0
22 2 2828.0
64 75 4511.0
62 25 838.0
32 30 3908.0
72 20 1367.0
83 72 3531.0
22 71 4220.0
16 32 1985.0
47 56 4786.0
75 92 1899.0
50 8 952.0
31 94 2647.0
36 11 4229.0
89 58 720.0
15 33 1950.0
77 54 1497.0
46 12 2088.0
85 96 4235.0
77 27 4478.0
42 65 1454.0
6 12 3544.0
34 24 3881.0
69 31 301.0
45 29 2067.0
84 49 2612.0
37 52 4259.0
47 24 2084.0
51 16 1868.0
26 100 1503.0
78 56 1421.0
19 70 1828.0
51 48 3751.0
54 78 1512.0
26 66 2002.0
96 43 3556.0
5 74 1752.0
30 77 203.0
17 81 3351.0
46 20 2366.0
24 21 1746.0
6 42 4588.0
43 53 3005.0
42 8 1683.0
2 19 3540.0
85 49 4399.0
2 7 214.0
75 25 2195.0
30 12 1540.0
99 24 4923.0
63 54 1214.0
94 92 4167.0
56 68 3109.0
89 74 1907.0
79 29 3706.0
18 24 4176.0
28 57 2079.0
46 30 936.0
72 5 3266.0
20 85 537.0
42 25 367.0
71 49 439.0
25 73 2342.0
3 55 425.0
26 42 4033.0
3 36 199.0
36 85 1283.0
7 28 3025.0
2 83 2352.0
51 29 1723.0
52 78 2911.0
39 54 1791.0
47 74 3626.0
56 94 1728.0
71 18 3805.0
52 94 2901.0
72 37 2592.0
14 25 3060.0
86 81 4505.0
71 42 3300.0
52 85 4278.0
30 56 3399.0
26 76 673.0
41 77 2682.0
69 65 2906.0
20 77 1670.0
21 77 1733.0
57 86 1954.0
93 12 4010.0
28 14 357.0
41 53 4145.0
52 27 3720.0
73 29 1099.0
69 73 4042.0
72 11 579.0
87 31 1307.0
48 39 2696.0
38 5 553.0
28 97 2107.0
50 90 4200.0
70 7 149.0
95 67 466.0
37 12 18.0
27 95 4064.0
89 52 3009.0
90 69 555.0
23 51 2030.0
66 49 4147.0
34 20 2927.0
76 5 3910.0
80 67 1873.0
35 74 2975.0
24 98 2355.0
49 95 2574.0
21 79 168.0
73 63 955.0
1 60 188.0
33 54 466.0
29 78 4520.0
79 81 3987.0
87 36 31.0
36 82 217.0
2 96 1617.0
45 26 4905.0
90 16 2871.0
14 27 1806.0
25 30 3770.0
52 95 1731.0
24 8 137.0
69 2 4869.0
46 59 3750.0
16 58 2594.0
22 70 1957.0
19 8 2607.0
52 60 2019.0
9 55 2308.0
63 44 3244.0
74 30 3840.0
29 94 2255.0
43 24 4259.0
55 38 344.0
93 61 2495.0
44 58 289.0
13 39 3549.0
51 12 2707.0
95 11 1048.0
68 57 1950.0
75 22 4805.0
27 32 832.0
29 47 2108.0
33 96 2095.0
34 46 2872.0
42 1 3865.0
81 83 3870.0
21 22 2455.0
21 73 228.0
94 42 2972.0
53 77 3517.0
10 53 3694.0
84 34 1061.0
13 35 179.0
60 34 2222.0
52 77 4283.0
47 57 3156.0
88 22 1102.0
80 24 3376.0
80 73 3678.0
51 8 941.0
54 62 2879.0
78 75 732.0
37 87 3477.0
55 58 1705.0
25 89 659.0
92 64 3099.0
67 100 900.0
77 97 853.0
100 70 1069.0
35 76 3293.0
58 50 892.0
69 76 1780.0
77 99 67.0
5 52 2670.0
57 77 2409.0
55 24 4919.0
49 15 2477.0
65 94 4202.0
84 90 3606.0
65 75 1256.0
5 6 2328.0
90 67 75.0
9 12 3050.0
43 33 4323.0
59 12 4421.0
29 15 4175.0
67 51 1566.0
50 96 3284.0
99 55 3274.0
78 87 1099.0
6 11 2322.0
61 94 542.0
68 1 3954.0
46 56 2052.0
2 74 3459.0
64 18 655.0
82 16 223.0
44 100 4109.0
94 89 890.0
53 21 1431.0
85 63 4668.0
59 83 3651.0
98 61 1139.0
45 24 1691.0
77 4 343.0
76 12 3457.0
5 26 566.0
47 46 1111.0
46 39 3492.0
67 31 1953.0
14 29 4947.0
21 32 2995.0
15 60 4482.0
70 17 1867.0
92 45 3048.0
89 64 3491.0
42 72 3824.0
12 2 2417.0
33 71 1260.0
33 5 303.0
30 10 1926.0
37 31 3672.0
50 36 519.0
61 13 2526.0
89 14 2927.0
87 85 2762.0
72 3 4683.0
9 28 2124.0
33 99 2549.0
24 62 3811.0
85 10 2155.0
76 53 779.0
33 46 1249.0
45 83 3525.0
44 35 4085.0
97 62 1764.0
24 37 2994.0
59 55 2033.0
27 99 1517.0
77 6 990.0
49 61 4739.0
90 5 2140.0
71 81 3038.0
29 74 796.0
5 70 3746.0
15 36 4583.0
11 68 479.0
80 25 2652.0
42 15 832.0
79 95 404.0
11 66 4565.0
63 61 2289.0
46 98 3055.0
61 36 1084.0
13 75 1024.0
92 15 3627.0
68 80 2727.0
29 76 17.0
38 37 1599.0
74 37 3385.0
89 9 668.0
51 45 4463.0
19 64 2267.0
97 37 1215.0
13 70 3811.0
58 31 608.0
5 31 1088.0
56 77 2834.0
100 13 2832.0
91 54 4501.0
49 51 4873.0
79 23 4667.0
30 23 4523.0
60 2 1122.0
63 37 875.0
56 93 4105.0
94 2 2512.0
16 87 1579.0
22 13 29.0
89 68 4119.0
55 37 2974.0
68 71 2185.0
47 22 1155.0
3 54 2229.0
17 77 1120.0
48 99 3673.0
69 35 2043.0
58 83 1984.0
19 23 792.0
72 44 2574.0
19 52 1442.0
5 46 2122.0
12 79 573.0
62 45 3543.0
37 3 3973.0
82 46 125.0
74 42 1399.0
30 87 3318.0
71 87 3182.0
52 7 4009.0
42 28 2040.0
77 100 2890.0
55 29 3244.0
93 16 4370.0
26 91 2932.0
48 52 2822.0
37 80 2139.0
82 98 2683.0
100 46 4411.0
22 1 1248.0
95 8 3569.0
29 5 4066.0
11 19 2207.0
90 95 2246.0
32 80 50.0
32 81 1686.0
82 37 2029.0
65 79 486.0
43 42 1142.0
2 57 605.0
77 45 357.0
97 64 3220.0
71 95 31.0
4 11 146.0
96 61 1321.0
37 9 1277.0
13 97 3556.0
79 22 521.0
34 14 2576.0
54 92 2100.0
20 7 89.0
9 52 2216.0
85 30 1027.0
100 53 3976.0
21 4 2584.0
20 12 3282.0
10 26 3727.0
28 1 1504.0
12 13 1411.0
14 16 4681.0
40 96 3304.0
28 94 2521.0
47 3 2006.0
23 10 1892.0
43 59 1559.0
68 81 1330.0
7 11 3298.0
17 61 4546.0
60 39 4067.0
69 62 2177.0
3 68 2061.0
10 18 2181.0
66 35 1385.0
45 22 1627.0
60 74 3589.0
1 84 826.0
57 50 3904.0
50 88 4791.0
83 53 1390.0
9 80 504.0
69 24 966.0
48 33 1297.0
44 90 4.0
5 18 1323.0
56 34 3082.0
26 18 1157.0
43 11 1578.0
80 94 4238.0
31 75 3166.0
15 18 2548.0
29 69 1140.0
92 84 1076.0
28 74 1100.0
59 40 327.0
37 66 4431.0
25 21 2602.0
6 86 4098.0
74 15 2250.0
80 72 2454.0
32 100 1278.0
16 73 4407.0
5 15 4635.0
51 34 3473.0
5 14 1987.0
56 52 960.0
75 94 4014.0
42 30 4093.0
33 91 2147.0
17 26 4175.0
10 37 4098.0
66 52 4146.0
32 86 4552.0
15 39 1167.0
19 48 612.0
71 27 2983.0
87 49 3825.0
68 8 868.0
47 72 1681.0
57 18 4425.0
9 22 3214.0
70 56 2838.0
11 25 3162.0
58 94 717.0
88 21 4073.0
45 16 371.0
66 45 1776.0
85 70 1045.0
24 5 1750.0
21 41 575.0
14 71 766.0
83 16 1494.0
96 42 2381.0
22 54 4789.0
79 83 4616.0
22 36 581.0
59 3 741.0
70 80 3888.0
1 99 1539.0
40 92 411.0
60 28 3103.0
64 79 1376.0
33 64 4383.0
35 94 2487.0
100 47 4264.0
40 27 806.0
2 3 3874.0
76 80 2651.0
51 92 1127.0
75 17 4025.0
13 40 2008.0
96 47 571.0
66 15 4837.0
65 14 3098.0
57 24 2320.0
71 99 3010.0
48 81 1687.0
40 81 2369.0
68 84 2774.0
74 65 4302.0
50 7 4620.0
42 99 4089.0
20 44 2918.0
96 52 487.0
100 49 1935.0
4 87 4307.0
83 19 4230.0
62 31 4860.0
55 1 3004.0
66 1 3760.0
12 100 2154.0
82 76 1425.0
39 68 4928.0
42 17 779.0
51 7 4762.0
33 22 4403.0
98 63 899.0
37 1 1490.0
20 23 1709.0
68 45 313.0
51 14 19.0
27 16 2613.0
67 28 678.0
67 58 2240.0
2 36 8.0
64 45 136.0
51 44 1688.0
51 53 2416.0
28 63 768.0
73 19 3717.0
74 68 1742.0
5 21 3711.0
35 33 2137.0
32 1 2929.0
46 11 4496.0
77 70 1005.0
85 15 4155.0
31 86 1756.0
70 96 1609.0
86 17 215.0
48 7 958.0
74 64 1822.0
17 83 4317.0
17 58 3208.0
54 35 1109.0
29 39 1030.0
93 76 970.0
59 17 4872.0
56 29 509.0
73 96 4520.0
42 64 506.0
40 94 29.0
63 66 903.0
17 23 4600.0
15 34 606.0
89 73 1990.0
6 87 3223.0
76 57 2479.0
55 54 4577.0
89 21 516.0
12 58 1352.0
7 94 3836.0
93 26 2425.0
13 95 1838.0
18 56 4850.0
57 78 2296.0
59 78 699.0
62 77 3044.0
54 58 4646.0
48 55 2044.0
74 18 3433.0
3 94 2280.0
10 90 4648.0
50 76 2102.0
19 82 3872.0
69 81 4287.0
11 87 3858.0
2 81 2236.0
41 32 2853.0
86 16 3965.0
70 60 1829.0
94 22 3780.0
18 6 1423.0
96 60 4467.0
83 57 2920.0
2 15 1420.0
41 3 1942.0
81 20 3434.0
94 70 4107.0
40 74 745.0
32 2 3597.0
20 64 3047.0
88 43 44.0
80 45 2420.0
19 84 999.0
96 92 4892.0
5 66 4149.0
100 69 135.0
22 91 15.0
92 42 373.0
11 28 4091.0
59 75 3496.0
36 48 3592.0
99 40 3346.0
26 59 681.0
86 99 4798.0
87 2 2957.0
68 48 3965.0
32 8 4830.0
43 4 1181.0
43 97 1185.0
43 82 815.0
33 37 978.0
87 39 3010.0
99 8 2433.0
82 58 2710.0
92 56 325.0
13 94 2993.0
50 73 4547.0
76 83 3109.0
19 97 2726.0
19 43 3360.0
14 43 3698.0
67 11 4738.0
30 93 1896.0
47 91 105.0
51 64 2893.0
10 13 1322.0
62 74 2636.0
3 43 1630.0
83 61 4179.0
77 43 2553.0
61 92 3270.0
85 86 1639.0
34 45 1133.0
92 24 572.0
63 5 2213.0
29 7 4044.0
57 100 1134.0
66 53 2670.0
67 99 2438.0
9 21 3570.0
39 9 3553.0
17 87 3360.0
74 75 83.0
8 43 1247.0
87 25 1303.0
38 19 3109.0
60 43 893.0
92 25 3932.0
91 59 3602.0
63 70 2609.0
95 2 2984.0
80 19 893.0
43 68 2728.0
69 28 2359.0
22 3 1736.0
48 85 928.0
16 89 3142.0
14 40 619.0
68 59 4177.0
53 71 3117.0
44 6 2470.0
63 96 2166.0
66 94 1058.0
92 31 3663.0
5 55 2265.0
19 3 283.0
17 24 1249.0
81 43 2408.0
25 98 385.0
7 84 4457.0
91 71 4409.0
88 18 2175.0
78 100 1911.0
7 60 2179.0
58 87 2615.0
54 41 2864.0
34 27 3263.0
29 20 4873.0
42 62 4217.0
63 21 568.0
10 31 2221.0
54 70 2171.0
66 33 2453.0
38 28 458.0
8 49 1822.0
82 67 2265.0
22 8 2764.0
5 99 4459.0
59 23 1903.0
49 92 496.0
58 40 2361.0
55 27 4003.0
15 37 4465.0
47 55 4255.0
7 36 1852.0
77 14 2154.0
24 65 1255.0
11 63 3968.0
96 26 1547.0
56 58 2184.0
9 95 3960.0
26 67 75.0
1 63 3555.0
53 97 3930.0
47 26 3653.0
10 24 2816.0
27 48 1757.0
36 44 3073.0
57 9 2959.0
40 64 1949.0
14 61 4035.0
78 55 451.0
24 51 1251.0
35 11 986.0
97 1 3241.0
83 40 302.0
71 56 2276.0
33 80 1106.0
9 50 817.0
30 8 2408.0
18 62 466.0
35 46 2053.0
95 70 3506.0
81 7 2627.0
65 60 4680.0
89 39 3041.0
15 43 2394.0
36 17 2996.0
23 34 3010.0
89 96 3840.0
87 48 4915.0
2 17 3637.0
27 15 2246.0
13 88 4277.0
98 66 4303.0
56 63 1972.0
33 10 729.0
64 7 2626.0
33 19 3127.0
12 19 1595.0
35 91 374.0
16 62 3020.0
14 84 3824.0
22 15 3755.0
91 13 632.0
5 65 4794.0
32 75 3442.0
53 37 3967.0
59 100 418.0
59 52 4360.0
8 46 2197.0
77 65 4461.0
70 10 604.0
95 74 1026.0
68 40 3172.0
20 38 700.0
7 89 694.0
98 8 4346.0
86 10 4189.0
67 9 1317.0
68 93 3930.0
14 8 214.0
100 79 3910.0
39 67 3984.0
24 63 4426.0
22 74 2750.0
76 51 1951.0
97 50 1923.0
99 74 2055.0
75 86 3755.0
25 61 513.0
68 21 3555.0
12 23 4399.0
76 71 156.0
45 27 2784.0
53 26 1214.0
79 90 3404.0
24 59 2421.0
83 24 3175.0
99 63 2179.0
96 41 4828.0
16 75 1323.0
88 95 1776.0
47 36 3758.0
27 70 3110.0
97 7 4542.0
46 40 2591.0
9 17 1592.0
20 35 1860.0
49 10 4935.0
44 18 4540.0
31 11 1394.0
19 59 3878.0
39 93 2784.0
96 25 4198.0
9 23 4626.0
15 79 655.0
66 90 2534.0
43 25 4245.0
33 57 1491.0
83 90 551.0
72 23 283.0
40 56 4943.0
28 37 2169.0
79 98 578.0
70 51 854.0
47 45 4345.0
98 77 2516.0
56 86 4803.0
40 31 991.0
14 64 1415.0
95 80 1784.0
70 90 4757.0
56 39 4270.0
100 91 3908.0
58 26 4568.0
33 8 2773.0
58 77 1936.0
8 4 1776.0
6 47 3249.0
66 13 4332.0
63 41 607.0
87 61 1303.0
85 18 174.0
34 57 4070.0
45 8 1889.0
90 2 1790.0
31 82 2456.0
19 1 1283.0
49 96 4732.0
25 41 4877.0
71 64 170.0
92 35 314.0
9 93 357.0
49 41 4075.0
64 29 1105.0
58 66 1085.0
19 58 3354.0
17 10 3079.0
63 100 2339.0
91 49 4648.0
89 50 3922.0
98 94 805.0
45 60 240.0
32 3 2995.0
77 92 4163.0
54 27 1027.0
69 1 1760.0
10 83 1683.0
86 38 1526.0
38 63 1734.0
78 91 3135.0
30 68 4200.0
36 6 3382.0
22 30 4552.0
49 63 3923.0
16 11 4519.0
69 53 2964.0
65 43 1084.0
9 36 789.0
24 76 3953.0
72 90 3001.0
7 65 4119.0
91 24 803.0
78 68 3728.0
37 14 724.0
5 62 845.0
45 97 1112.0
21 85 804.0
60 4 925.0
51 56 703.0
93 64 2771.0
23 86 2496.0
3 86 2154.0
47 14 230.0
75 55 2444.0
84 52 2489.0
74 16 2406.0
47 4 4439.0
24 75 3452.0
81 100 1784.0
78 92 4806.0
56 38 1857.0
20 97 777.0
27 29 4036.0
32 79 3509.0
79 43 568.0
72 84 880.0
92 91 275.0
75 44 1948.0
91 4 773.0
45 69 779.0
32 33 3173.0
45 30 2473.0
10 77 4712.0
62 84 1299.0
16 91 2660.0
10 28 2663.0
24 56 1806.0
26 83 4612.0
81 88 3574.0
22 12 2612.0
94 72 4024.0
82 100 1561.0
34 76 3197.0
79 35 1930.0
12 92 846.0
90 40 1037.0
69 86 4509.0
93 98 1748.0
47 12 1148.0
36 37 2228.0
98 85 2941.0
72 22 479.0
50 83 1582.0
90 76 4005.0
81 34 168.0
71 79 4887.0
8 3 4172.0
58 68 496.0
93 41 1567.0
91 42 3331.0
47 7 1498.0
84 78 1987.0
57 62 2394.0
1 50 448.0
85 9 1455.0
65 87 2114.0
85 33 3534.0
33 28 778.0
99 30 3296.0
82 86 531.0
100 39 1706.0
78 1 28.0
27 47 875.0
53 54 2594.0
98 53 3451.0
34 66 2281.0
22 58 41.0
50 30 3020.0
43 52 1886.0
61 19 1460.0
61 11 2880.0
62 72 2027.0
85 61 3438.0
33 60 657.0
33 31 4931.0
41 52 794.0
7 96 1626.0
33 75 879.0
51 40 1199.0
85 4 2026.0
99 95 809.0
22 55 102.0
17 46 1617.0
22 62 2114.0
75 15 4858.0
15 100 4302.0
64 2 4657.0
84 41 129.0
10 32 3404.0
63 19 587.0
37 91 663.0
89 56 1100.0
23 5 624.0
79 54 733.0
58 99 2.0
2 56 852.0
67 30 4919.0
84 93 3731.0
70 20 3178.0
89 49 1632.0
5 36 2831.0
89 31 1218.0
29 90 1485.0
18 38 571.0
90 9 4272.0
80 52 419.0
57 55 748.0
16 88 119.0
44 27 1204.0
37 11 1217.0
20 78 4226.0
75 79 2310.0
41 82 996.0
57 93 223.0
26 46 445.0
18 76 4538.0
26 54 1622.0
51 27 2034.0
99 41 3816.0
65 99 3301.0
50 55 3273.0
31 56 3240.0
90 39 633.0
34 35 438.0
57 88 327.0
75 38 2298.0
86 40 3169.0
93 89 3255.0
24 97 2970.0
2 43 4316.0
96 39 2327.0
29 48 1272.0
81 53 1910.0
38 7 436.0
83 38 1426.0
100 43 1972.0
98 84 1043.0
24 30 4722.0
56 4 4653.0
75 57 2662.0
22 97 414.0
66 82 3673.0
89 97 4023.0
6 21 3342.0
84 6 2905.0
88 68 2936.0
58 3 2304.0
68 47 4808.0
11 100 1420.0
49 37 1410.0
18 45 2979.0
26 28 4505.0
32 25 1927.0
83 52 722.0
14 7 1274.0
26 36 2867.0
4 46 3925.0
54 83 1890.0
6 26 4377.0
82 94 4291.0
28 93 463.0
98 73 1089.0
84 26 836.0
17 6 1379.0
88 89 3961.0
49 93 4359.0
17 27 1534.0
88 19 4594.0
41 36 2360.0
49 4 3987.0
11 84 1912.0
80 81 303.0
22 99 1044.0
74 80 911.0
63 8 2626.0
11 32 4432.0
31 64 3458.0
6 79 2797.0
30 36 3444.0
81 74 3797.0
68 33 2061.0
15 28 1364.0
12 41 3020.0
92 30 1008.0
42 97 285.0
41 45 1434.0
44 86 4299.0
38 68 944.0
37 29 511.0
26 72 338.0
90 68 2257.0
13 30 2771.0
3 49 1404.0
20 33 1718.0
82 18 1134.0
68 63 2067.0
20 4 529.0
75 50 3016.0
34 28 2592.0
7 44 3542.0
43 16 4691.0
49 54 2755.0
38 94 2069.0
37 60 4453.0
35 36 2519.0
2 68 4283.0
82 32 1777.0
73 52 3598.0
55 46 1041.0
73 81 1349.0
57 61 841.0
72 60 1699.0
1 83 2476.0
63 78 1684.0
30 83 2571.0
76 19 1795.0
10 78 2478.0
22 93 3184.0
43 66 641.0
86 54 3036.0
35 98 2080.0
35 41 4893.0
95 45 939.0
38 35 3131.0
19 74 695.0
22 20 4920.0
54 44 596.0
98 31 2734.0
98 28 816.0
72 88 4542.0
9 20 579.0
59 72 2858.0
15 68 418.0
14 72 998.0
42 46 4711.0
28 80 4008.0
33 90 2840.0
21 13 1233.0
95 48 2313.0
85 27 3749.0
52 92 876.0
41 73 98.0
5 1 193.0
97 48 477.0
16 78 4822.0
100 28 196.0
22 14 107.0
79 53 4667.0
78 94 3306.0
84 36 422.0
3 73 1906.0
24 40 2070.0
15 71 723.0
68 12 3087.0
6 14 3897.0
52 82 1377.0
75 97 732.0
62 8 2874.0
91 11 1512.0
25 2 69.0
47 21 3666.0
41 81 4178.0
2 34 1875.0
55 65 1310.0
97 23 37.0
88 61 2163.0
22 98 1273.0
78 39 3124.0
10 100 3048.0
19 27 2656.0
7 59 2681.0
87 13 782.0
25 27 1013.0
95 97 2893.0
72 18 3252.0
54 2 2014.0
1 36 3361.0
11 47 2912.0
80 87 4211.0
27 8 3198.0
19 50 4704.0
33 2 3648.0
30 62 2141.0
41 92 374.0
8 75 4797.0
54 65 2037.0
8 77 3214.0
1 30 1486.0
74 76 4699.0
5 75 4366.0
42 27 214.0
89 26 3783.0
100 8 3876.0
71 80 128.0
18 37 2565.0
57 29 739.0
69 41 4214.0
84 81 3561.0
11 70 63.0
92 39 95.0
5 98 2575.0
54 84 2304.0
50 87 661.0
77 89 2593.0
21 98 4318.0
95 55 4788.0
51 18 4807.0
97 70 253.0
40 95 1633.0
94 88 2846.0
99 88 837.0
77 85 1466.0
86 33 1339.0
35 28 3950.0
48 3 3281.0
10 43 3621.0
99 68 1339.0
80 44 35.0
25 26 3986.0
76 20 232.0
95 91 3652.0
52 61 1285.0
28 88 3785.0
69 80 1835.0
10 55 2108.0
15 62 4681.0
77 7 408.0
55 17 461.0
32 76 4039.0
31 24 3997.0
8 38 3749.0
65 22 719.0
44 31 2270.0
13 34 4123.0
50 61 1553.0
93 31 1098.0
67 7 1181.0
60 19 1571.0
92 16 1893.0
45 20 2104.0
68 100 3305.0
58 73 1095.0
83 35 4769.0
36 97 4587.0
59 4 4535.0
3 1 4164.0
24 9 3008.0
6 19 1748.0
34 9 2580.0
38 41 3953.0
9 53 781.0
37 13 487.0
14 20 3455.0
54 30 791.0
34 96 4708.0
88 62 4552.0
58 69 1005.0
92 60 4375.0
90 19 4353.0
87 44 3367.0
18 12 436.0
89 35 2446.0
29 53 3745.0
55 70 3264.0
75 61 4465.0
80 30 1869.0
25 64 1866.0
48 82 3495.0
22 23 4165.0
13 80 1023.0
50 94 2754.0
66 87 173.0
63 59 3226.0
99 62 3931.0
32 93 4926.0
100 94 585.0
31 21 4056.0
69 84 133.0
76 46 4698.0
23 88 557.0
33 50 893.0
68 91 4713.0
13 31 4095.0
63 42 1245.0
59 38 559.0
59 86 4818.0
22 50 2728.0
34 16 4216.0
79 1 359.0
74 79 4746.0
42 54 2068.0
72 9 327.0
10 22 2271.0
78 90 2305.0
47 38 4661.0
76 54 4422.0
67 59 2105.0
85 91 1900.0
40 29 639.0
1 86 2660.0
79 61 1879.0
16 15 4548.0
93 82 1890.0
59 28 1176.0
94 51 4032.0
46 79 2748.0
12 69 406.0
34 95 847.0
100 80 4618.0
68 26 3416.0
35 30 870.0
54 47 1487.0
73 48 3687.0
44 55 1129.0
61 55 660.0
26 62 1500.0
57 97 4169.0
80 23 3370.0
3 92 4449.0
52 81 1252.0
91 44 1463.0
68 53 2512.0
63 84 473.0
99 66 3345.0
63 65 260.0
5 95 1516.0
2 79 127.0
39 18 1060.0
84 95 3718.0
73 94 2973.0
91 74 712.0
50 11 2630.0
2 62 4407.0
85 44 4811.0
37 46 997.0
87 41 3220.0
50 86 2635.0
9 31 1891.0
83 70 3820.0
9 71 2212.0
84 79 91.0
37 34 57.0
94 69 2677.0
9 65 4939.0
38 31 4047.0
56 11 2982.0
2 53 4300.0
70 86 4577.0
74 21 4483.0
89 99 1851.0
89 15 2615.0
29 28 2109.0
22 31 1581.0
60 49 573.0
78 93 4880.0
11 76 4722.0
39 26 4695.0
7 73 2548.0
90 12 1248.0
75 91 3451.0
25 44 515.0
15 87 44.0
47 41 2407.0
92 97 3812.0
39 99 32.0
44 34 3426.0
85 94 4691.0
77 59 4403.0
27 81 1704.0
34 29 1232.0
98 70 4690.0
60 41 883.0
29 66 1038.0
17 57 4060.0
26 30 3701.0
45 65 4149.0
74 25 4804.0
39 45 536.0
85 89 3049.0
47 98 4847.0
3 38 1578.0
54 96 1022.0
60 44 257.0
89 30 4757.0
93 43 4546.0
94 25 1936.0
53 47 2395.0
62 70 1013.0
40 49 590.0
30 17 3688.0
97 52 1190.0
72 38 3678.0
57 87 3413.0
39 76 2871.0
5 54 2586.0
67 57 3285.0
39 97 2332.0
42 58 98.0
21 36 3142.0
93 46 2055.0
43 9 114.0
12 82 1870.0
100 92 1112.0
82 5 1084.0
45 15 2102.0
73 62 3952.0
70 58 885.0
61 2 3982.0
75 95 4469.0
61 53 1755.0
76 100 4941.0
95 89 844.0
52 57 1148.0
70 38 1105.0
57 58 3032.0
94 20 2193.0
83 78 1681.0
76 8 1687.0
31 27 407.0
47 17 3999.0
26 57 2663.0
66 3 76.0
71 46 2878.0
33 13 694.0
61 26 2155.0
93 10 2788.0
51 41 3750.0
7 92 179.0
59 34 2430.0
69 16 2034.0
61 59 3325.0
86 84 1731.0
3 98 2258.0
91 23 2426.0
85 2 2587.0
90 86 3839.0
32 35 1775.0
84 73 4071.0
92 17 229.0
93 35 409.0
44 57 977.0
39 36 1320.0
58 49 4588.0
54 14 840.0
13 50 1592.0
58 97 667.0
17 39 3973.0
28 46 4068.0
15 21 3887.0
90 82 3448.0
23 56 3168.0
36 45 191.0
9 44 600.0
94 60 526.0
73 64 4029.0
82 8 4907.0
21 55 328.0
63 69 21.0
99 3 2178.0
100 99 3846.0
39 3 3304.0
68 32 3398.0
59 5 871.0
76 21 6.0
95 53 3362.0
14 69 4592.0
13 77 4281.0
19 75 176.0
63 39 4158.0
81 70 298.0
79 82 1457.0
98 12 4870.0
91 40 2816.0
2 26 3120.0
21 23 1726.0
64 36 989.0
64 99 1032.0
38 89 3827.0
8 15 2542.0
29 93 2064.0
52 29 3663.0
24 19 1405.0
81 85 2483.0
4 88 2114.0
81 51 624.0
97 29 4179.0
5 86 1727.0
42 33 3377.0
82 38 2351.0
90 4 3926.0
96 45 1350.0
79 62 1990.0
52 20 41.0
36 12 3467.0
88 64 3672.0
11 73 2165.0
3 20 375.0
31 74 3336.0
48 15 1743.0
73 67 732.0
20 69 852.0
74 49 4592.0
38 40 2263.0
16 39 1610.0
66 79 4705.0
21 30 2811.0
31 35 4481.0
97 78 2647.0
73 40 2791.0
6 8 1034.0
50 26 4831.0
80 85 4484.0
69 38 1152.0
4 36 4228.0
52 16 4312.0
98 26 4369.0
34 5 3259.0
79 60 473.0
46 1 3435.0
74 27 2746.0
39 28 3703.0
42 35 514.0
43 73 4410.0
46 77 280.0
87 9 4719.0
28 51 4324.0
2 89 2056.0
32 77 1237.0
28 66 1855.0
36 27 429.0
52 28 846.0
28 27 2236.0
7 85 965.0
12 34 3579.0
54 7 925.0
23 4 2992.0
67 47 3948.0
64 100 312.0
92 46 870.0
5 60 1067.0
90 97 2001.0
38 44 4131.0
4 53 1621.0
55 93 721.0
41 1 3699.0
89 20 3792.0
73 46 4321.0
67 17 1756.0
61 64 4924.0
87 10 4777.0
91 64 2518.0
46 52 1320.0
39 82 2421.0
95 81 4763.0
56 33 3411.0
4 89 1537.0
78 81 1990.0
94 39 2712.0
39 70 1010.0
55 41 1202.0
86 25 3229.0
65 52 239.0
86 7 4398.0
4 25 289.0
21 83 4020.0
41 27 3156.0
47 28 4289.0
58 88 4666.0
84 13 1705.0
87 84 1885.0
41 4 3321.0
15 97 1600.0
56 72 3734.0
62 61 3898.0
93 91 644.0
49 13 1871.0
8 20 733.0
48 84 4799.0
65 100 3335.0
24 73 2667.0
44 17 1485.0
35 23 3886.0
90 31 4538.0
91 84 2224.0
75 84 4734.0
47 76 2201.0
36 72 4215.0
90 30 1552.0
66 55 2762.0
44 93 224.0
19 16 1709.0
18 23 2160.0
57 22 3207.0
48 77 3914.0
30 27 4673.0
71 5 3783.0
19 62 2781.0
4 39 4578.0
68 34 423.0
21 28 2125.0
99 51 4931.0
82 25 1628.0
11 86 1622.0
51 97 4888.0
27 79 290.0
60 67 3054.0
38 60 4451.0
18 90 1151.0
29 54 3599.0
32 90 2549.0
10 40 420.0
9 11 2789.0
62 78 1355.0
41 74 4896.0
92 48 4801.0
72 85 681.0
33 82 1671.0
84 46 832.0
57 10 1452.0
64 77 3467.0
9 16 653.0
48 22 2306.0
62 100 3956.0
1 13 2540.0
63 27 250.0
94 55 4622.0
30 63 4903.0
34 52 1164.0
18 53 2612.0
89 65 1424.0
86 36 3155.0
79 26 2942.0
54 98 2778.0
48 45 4847.0
89 37 788.0
8 64 160.0
41 34 2375.0
84 24 60.0
69 67 2471.0
47 44 1714.0
20 91 170.0
98 87 1424.0
79 49 4689.0
91 1 1365.0
11 54 2150.0
77 33 84.0
96 21 4210.0
17 40 1653.0
73 32 1767.0
36 40 4590.0
10 35 3594.0
56 96 3884.0
8 80 2987.0
2 18 3339.0
27 20 4637.0
71 70 2870.0
91 88 4825.0
82 88 4159.0
36 99 4299.0
39 98 3774.0
40 54 2067.0
65 28 1693.0
100 72 1725.0
17 95 190.0
70 67 270.0
50 80 2329.0
100 1 4569.0
1 26 1373.0
63 47 2919.0
54 46 4239.0
2 39 2736.0
77 47 4084.0
85 17 2119.0
83 56 3704.0
58 78 399.0
37 19 1151.0
20 56 3638.0
51 60 2500.0
66 24 3682.0
92 47 3697.0
46 97 2308.0
2 66 1320.0
98 45 755.0
33 6 2831.0
36 68 2172.0
73 27 2289.0
69 52 1620.0
33 65 2634.0
31 71 1035.0
51 38 3303.0
32 38 1342.0
98 65 645.0
100 14 3275.0
58 28 2674.0
60 10 2102.0
15 58 3336.0
2 42 4642.0
33 73 2718.0
42 16 1309.0
77 51 580.0
97 71 4460.0
25 37 3856.0
100 90 761.0
97 34 3976.0
19 25 1400.0
51 17 4049.0
32 26 3421.0
6 95 2226.0
13 68 3811.0
91 50 1100.0
17 73 1429.0
50 67 905.0
27 91 2963.0
20 75 3156.0
60 8 621.0
37 65 136.0
42 9 54.0
13 69 2276.0
23 96 3614.0
24 12 844.0
62 44 3241.0
53 38 4208.0
73 31 4576.0
74 11 4824.0
48 61 972.0
43 95 3408.0
11 62 334.0
85 68 3976.0
29 86 3651.0
8 84 4514.0
50 63 3956.0
41 42 3931.0
17 35 2550.0
36 94 1757.0
10 27 1562.0
28 30 1185.0
29 96 1798.0
85 40 2618.0
38 1 2492.0
76 67 4821.0
79 58 1778.0
82 17 3266.0
70 46 2085.0
74 26 1340.0
38 43 2340.0
42 39 4406.0
91 86 4340.0
10 65 2798.0
18 14 1159.0
99 79 2886.0
51 89 300.0
14 85 235.0
74 78 3628.0
26 40 2587.0
84 22 3241.0
14 67 450.0
93 54 4901.0
91 53 2807.0
27 50 3420.0
63 82 632.0
14 55 88.0
52 35 4395.0
17 8 3726.0
64 94 2134.0
54 97 1261.0
27 89 217.0
68 5 3196.0
70 84 2458.0
62 83 267.0
90 91 2069.0
51 65 2157.0
6 67 2857.0
72 51 2790.0
61 58 4764.0
61 40 4913.0
53 70 2007.0
28 49 2672.0
83 51 4704.0
65 8 4216.0
23 90 1300.0
18 52 2073.0
92 90 3129.0
5 97 3746.0
51 93 4250.0
67 55 3893.0
18 99 3830.0
4 29 4813.0
26 21 197.0
25 34 4224.0
89 12 3282.0
82 2 2399.0
89 78 159.0
43 35 4190.0
44 61 4159.0
46 74 1455.0
43 23 4939.0
63 14 4463.0
8 57 4807.0
74 8 540.0
31 45 2159.0
79 63 4130.0
31 96 4008.0
100 36 2138.0
72 61 4500.0
61 35 2933.0
82 65 4703.0
26 16 2092.0
8 18 4835.0
55 25 1179.0
44 71 4910.0
53 13 1533.0
37 98 1126.0
87 1 2394.0
64 49 2886.0
26 73 4401.0
72 68 2222.0
30 20 2227.0
98 92 2161.0
18 93 913.0
86 52 2449.0
92 34 4112.0
35 47 18.0
46 13 1105.0
39 66 1800.0
19 91 3674.0
36 13 3519.0
98 68 1726.0
34 7 2749.0
49 50 449.0
27 21 2852.0
48 98 326.0
56 60 2829.0
35 84 53.0
37 26 596.0
44 26 4373.0
10 19 2452.0
63 12 4877.0
40 47 231.0
79 78 2802.0
66 27 2681.0
86 67 3220.0
1 40 1763.0
8 85 4429.0
17 93 1604.0
45 33 1127.0
43 13 2727.0
26 49 4283.0
42 88 3567.0
68 20 2233.0
9 41 3539.0
82 80 2292.0
99 10 456.0
43 75 1373.0
91 5 3304.0
70 79 1467.0
2 4 1600.0
65 97 745.0
45 10 4160.0
10 74 4509.0
42 98 4536.0
17 56 507.0
65 26 1075.0
41 83 1740.0
45 44 1709.0
4 19 649.0
98 99 2420.0
90 17 1608.0
18 77 1751.0
10 1 4797.0
75 53 2667.0
7 56 4632.0
75 45 599.0
65 76 4315.0
34 71 11.0
98 69 1728.0
99 43 1442.0
14 33 3950.0
41 100 3801.0
61 8 4534.0
96 53 2758.0
99 19 3480.0
28 48 3290.0
55 8 2976.0
26 71 698.0
82 45 1776.0
12 73 2526.0
24 42 3497.0
93 86 3427.0
89 44 609.0
69 75 1450.0
68 77 4292.0
5 96 3864.0
67 35 2344.0
1 43 3580.0
13 17 163.0
9 60 881.0
27 22 4853.0
19 42 168.0
70 92 3951.0
71 24 4028.0
94 4 3982.0
32 95 84.0
45 86 1473.0
46 16 3371.0
3 69 3456.0
69 36 1320.0
14 73 4747.0
37 57 3880.0
51 54 684.0
67 92 1143.0
18 86 114.0
89 86 3618.0
71 20 4889.0
87 43 1729.0
61 84 2791.0
41 91 4926.0
36 24 759.0
87 14 1453.0
29 75 1437.0
61 10 846.0
91 73 3003.0
1 92 4048.0
68 49 2778.0
2 92 1632.0
5 93 4890.0
77 82 3904.0
59 93 3414.0
73 68 212.0
87 42 2064.0
66 50 4127.0
37 58 674.0
23 89 2951.0
70 34 1928.0
96 98 2329.0
35 21 1103.0
38 10 4628.0
48 13 3884.0
91 39 372.0
37 90 4064.0
91 99 801.0
62 68 169.0
9 15 1414.0
2 80 1689.0
76 64 901.0
92 18 3412.0
29 67 2626.0
36 16 642.0
7 66 436.0
81 24 878.0
4 78 4679.0
5 53 2495.0
66 88 1852.0
62 59 3221.0
24 82 1157.0
69 49 2557.0
83 18 3638.0
70 89 1778.0
38 24 3886.0
99 50 3207.0
23 3 4423.0
9 25 1525.0
4 13 461.0
45 40 527.0
71 7 2252.0
34 26 3628.0
61 42 3187.0
71 78 2445.0
2 86 1857.0
17 97 2613.0
33 84 2287.0
27 37 1193.0
33 12 2197.0
35 65 3650.0
73 15 4353.0
61 56 4879.0
62 3 820.0
88 79 588.0
55 12 3349.0
33 47 1224.0
12 1 916.0
63 67 3345.0
19 81 3276.0
31 55 2931.0
66 25 3851.0
28 45 4510.0
15 30 61.0
60 77 4609.0
89 90 4378.0
19 45 712.0
49 80 4279.0
83 80 4855.0
45 1 3052.0
15 6 2713.0
63 45 3740.0
80 79 4757.0
47 1 4362.0
72 24 4375.0
29 49 630.0
12 5 2879.0
56 87 4859.0
72 16 3827.0
41 90 3480.0
2 9 2167.0
9 74 2044.0
61 66 2913.0
59 80 2518.0
79 17 2551.0
75 23 638.0
43 76 247.0
6 56 4268.0
7 31 3751.0
63 57 3681.0
95 56 2050.0
97 14 4692.0
92 44 4387.0
54 87 4560.0
25 84 1328.0
64 95 1979.0
30 75 671.0
32 99 3689.0
92 99 2063.0
98 43 4140.0
37 21 3472.0
90 49 2550.0
36 49 2857.0
69 64 90.0
99 37 4582.0
54 9 3993.0
74 7 1059.0
83 11 3515.0
7 40 115.0
91 55 399.0
40 97 1042.0
83 65 961.0
95 76 1255.0
77 67 4547.0
16 66 2453.0
96 59 2776.0
78 21 2062.0
26 7 3839.0
49 17 3390.0
77 75 718.0
65 25 4739.0
97 32 1411.0
36 91 2144.0
37 67 3416.0
59 20 2970.0
78 66 600.0
59 85 2880.0
1 17 2682.0
31 14 900.0
57 90 4851.0
25 70 3176.0
62 10 71.0
9 38 3586.0
66 8 3172.0
23 28 1682.0
54 43 468.0
8 23 2626.0
66 74 4797.0
80 77 2525.0
57 85 4471.0
73 36 3913.0
41 33 2591.0
66 73 3128.0
96 10 2894.0
72 15 4813.0
14 15 1470.0
79 36 1865.0
52 2 3488.0
62 32 4585.0
47 97 2670.0
90 11 4113.0
10 72 2769.0
65 66 3184.0
83 67 9.0
12 99 2919.0
29 22 3232.0
34 72 4133.0
40 25 2198.0
65 41 3168.0
49 34 4892.0
73 37 3936.0
53 58 1614.0
93 79 3883.0
51 62 4367.0
63 74 663.0
18 43 4436.0
86 14 4477.0
27 88 608.0
62 29 3000.0
7 23 2780.0
28 41 717.0
55 2 1033.0
24 35 943.0
20 40 1438.0
89 63 2182.0
74 38 2065.0
58 47 4873.0
5 69 3702.0
81 62 4421.0
83 31 2556.0
2 8 76.0
39 47 2814.0
82 27 3705.0
85 60 1884.0
65 71 1979.0
53 63 2021.0
97 10 880.0
21 92 1233.0
8 34 1830.0
76 91 3102.0
56 8 3205.0
51 73 3935.0
8 69 2659.0
13 59 1299.0
25 91 882.0
88 3 994.0
9 35 2108.0
15 65 2489.0
25 46 3783.0
86 63 2154.0
33 9 2360.0
62 9 2475.0
60 21 3645.0
82 61 596.0
20 99 2219.0
77 93 3659.0
95 44 3854.0
9 86 3462.0
66 70 1179.0
81 50 4267.0
16 3 4495.0
82 29 4745.0
57 71 1937.0
19 55 1769.0
80 96 647.0
7 46 3613.0
73 2 2627.0
15 98 3529.0
53 11 1262.0
95 37 843.0
69 46 4015.0
87 99 2841.0
71 60 3693.0
20 26 2031.0
75 12 456.0
15 54 4562.0
34 58 4127.0
97 3 1892.0
47 31 4444.0
99 59 6.0
9 30 4353.0
8 40 3058.0
86 13 1092.0
17 60 4019.0
50 72 4378.0
48 91 3296.0
3 13 1666.0
67 19 1362.0
2 41 726.0
13 7 4293.0
70 44 1686.0
24 50 4739.0
86 71 4343.0
14 26 1827.0
47 9 2867.0
69 66 4184.0
99 61 1338.0
6 30 4210.0
41 97 2506.0
15 20 1941.0
7 69 453.0
39 34 1842.0
21 64 3234.0
18 29 1446.0
30 41 2135.0
65 57 3742.0
62 53 3384.0
23 64 645.0
6 75 2092.0
63 91 4079.0
14 46 3994.0
6 73 2464.0
77 9 4545.0
68 27 3416.0
12 52 632.0
28 96 3418.0
53 15 1970.0
67 97 1202.0
60 54 3387.0
16 61 345.0
13 41 2407.0
65 93 2346.0
18 35 1589.0
43 31 974.0
73 38 2399.0
100 7 1903.0
4 70 1700.0
19 79 636.0
39 7 408.0
29 32 1380.0
15 81 106.0
19 68 3777.0
80 4 3173.0
4 81 1191.0
99 45 3057.0
51 1 1733.0
56 69 240.0
53 93 4039.0
100 42 3437.0
68 28 4226.0
78 36 311.0
18 33 3487.0
19 49 193.0
53 6 215.0
95 14 1978.0
4 40 1961.0
57 48 4476.0
89 13 4683.0
66 68 2952.0
26 82 2761.0
96 38 3248.0
43 36 773.0
98 38 2120.0
28 92 1162.0
9 63 4588.0
13 2 2154.0
12 54 3015.0
62 52 1279.0
5 40 1339.0
96 66 4348.0
18 7 4125.0
82 59 2255.0
11 10 4190.0
46 44 2782.0
33 51 3256.0
30 72 162.0
60 75 2482.0
28 76 4470.0
1 16 2669.0
4 5 3052.0
30 78 4845.0
50 2 3414.0
12 35 484.0
59 10 913.0
58 74 1129.0
6 9 3841.0
62 43 2170.0
51 63 1457.0
7 53 2346.0
88 80 3963.0
67 44 1308.0
94 77 3642.0
28 70 359.0
55 69 1862.0
30 2 4000.0
59 60 2761.0
19 9 1291.0
30 59 3228.0
56 76 3637.0
74 57 2903.0
79 38 4781.0
36 32 834.0
6 7 4768.0
100 86 121.0
20 28 2223.0
91 8 1785.0
49 62 1756.0
76 48 1274.0
62 89 4694.0
52 10 1782.0
74 13 931.0
6 68 171.0
53 28 1259.0
50 39 2196.0
44 84 797.0
57 3 539.0
25 72 2879.0
87 40 4147.0
97 9 740.0
86 66 3944.0
88 6 4779.0
4 100 215.0
41 71 984.0
8 48 2056.0
27 38 878.0
33 93 4286.0
57 41 3097.0
80 18 4285.0
5 30 4309.0
29 72 3122.0
72 8 4844.0
29 63 1932.0
18 22 1874.0
49 25 4010.0
32 37 2268.0
23 1 3232.0
72 79 3613.0
83 96 2104.0
31 65 321.0
86 95 2037.0
31 16 3378.0
43 70 4631.0
4 24 905.0
24 29 1980.0
82 7 1143.0
38 65 2365.0
62 34 1730.0
13 56 3916.0
96 51 1785.0
17 45 3643.0
27 87 1646.0
76 63 2432.0
4 92 1691.0
97 11 4798.0
15 83 256.0
67 61 3831.0
22 76 1011.0
37 88 3697.0
99 35 2132.0
98 32 2227.0
13 90 3277.0
61 12 1903.0
88 71 2941.0
34 38 448.0
83 60 4237.0
67 62 1282.0
20 41 1551.0
32 6 2894.0
43 22 1426.0
7 32 281.0
55 84 2415.0
9 27 4840.0
23 95 4310.0
29 21 1623.0
17 53 2230.0
92 29 208.0
48 80 859.0
40 72 2869.0
67 68 22.0
100 35 2881.0
42 53 2106.0
81 93 3559.0
30 60 4837.0
69 89 1245.0
9 45 3792.0
18 67 569.0
83 71 2592.0
23 71 2668.0
79 57 4342.0
64 66 3373.0
75 76 2758.0
9 4 4905.0
84 28 691.0
87 94 4893.0
58 2 3042.0
82 11 2736.0
74 69 234.0
28 25 4309.0
72 43 4689.0
14 23 925.0
18 70 2774.0
58 62 664.0
53 32 1872.0
84 76 2648.0
10 75 324.0
50 65 1156.0
94 48 4307.0
37 30 3343.0
84 5 2212.0
40 57 2579.0
100 40 1998.0
39 64 2372.0
63 17 4309.0
89 92 1745.0
67 93 3429.0
81 89 1523.0
29 60 4056.0
98 56 303.0
32 63 2630.0
9 96 2602.0
12 67 1898.0
73 42 3528.0
65 3 1078.0
42 67 3238.0
95 28 4933.0
44 53 1374.0
80 7 4440.0
49 53 3698.0
46 87 1482.0
74 88 395.0
63 20 4487.0
82 15 2553.0
5 39 4810.0
10 9 4031.0
9 91 2456.0
55 86 3611.0
99 90 3742.0
81 26 4336.0
85 37 3769.0
48 75 2186.0
93 21 4029.0
27 46 2280.0
56 84 4248.0
53 80 2974.0
34 74 4616.0
5 28 965.0
51 5 4916.0
63 15 1319.0
32 83 246.0
95 59 1154.0
7 21 4795.0
69 15 3988.0
3 35 3389.0
89 42 4384.0
11 99 3018.0
24 3 640.0
81 25 4495.0
14 19 4907.0
27 58 1875.0
78 24 3171.0
58 52 1661.0
35 16 3248.0
16 22 1190.0
17 33 359.0
95 85 2761.0
96 74 1987.0
39 31 3585.0
96 88 16.0
70 36 882.0
62 6 641.0
8 54 530.0
71 43 1584.0
7 27 4116.0
6 25 578.0
66 18 191.0
53 36 1689.0
5 41 3298.0
88 35 2531.0
59 50 4485.0
25 12 3643.0
21 34 655.0
29 35 2192.0
37 78 4565.0
42 90 793.0
23 11 2064.0
25 3 375.0
33 87 1800.0
67 13 821.0
59 48 3734.0
59 16 2282.0
35 50 1876.0
29 19 3892.0
43 32 3541.0
41 44 443.0
39 71 213.0
65 2 3759.0
98 27 4057.0
6 97 1017.0
94 16 32.0
16 55 494.0
84 59 290.0
16 7 4625.0
60 11 2438.0
27 3 340.0
10 66 2289.0
10 29 621.0
46 64 2531.0
42 12 2912.0
90 15 4191.0
44 81 3199.0
77 34 4573.0
2 35 3787.0
31 36 3421.0
12 71 1953.0
61 46 4570.0
21 54 2957.0
94 37 2046.0
24 96 2963.0
49 65 577.0
48 64 4237.0
19 17 4609.0
6 39 2829.0
96 57 169.0
34 73 3731.0
14 98 4792.0
56 35 4793.0
27 92 1880.0
76 61 3501.0
38 81 52.0
35 68 17.0
14 62 2485.0
74 12 38.0
52 11 2235.0
29 33 3670.0
35 73 3108.0
81 3 3037.0
42 60 3158.0
19 46 1735.0
76 6 4677.0
50 46 3472.0
27 57 2999.0
18 84 2745.0
84 43 1537.0
55 43 2037.0
22 68 2619.0
2 24 639.0
14 58 4253.0
15 55 1732.0
21 57 3819.0
43 5 2108.0
80 97 1168.0
66 23 3401.0
93 69 220.0
16 17 376.0
16 57 3611.0
22 11 3633.0
94 62 3527.0
29 99 4271.0
89 79 1846.0
84 15 4453.0
100 25 3437.0
38 49 4274.0
66 92 543.0
20 42 2973.0
60 47 349.0
9 94 2927.0
35 96 4217.0
72 71 4772.0
34 83 2364.0
39 51 4072.0
51 46 2082.0
84 47 2840.0
99 72 3052.0
86 79 1956.0
12 21 4729.0
27 18 4939.0
7 99 3035.0
84 60 2927.0
21 44 3013.0
38 16 1490.0
31 81 3490.0
16 24 1857.0
6 66 2494.0
21 81 2901.0
14 2 469.0
26 41 3838.0
52 38 588.0
97 26 2895.0
57 6 1048.0
89 82 1530.0
95 51 811.0
11 71 359.0
42 77 4395.0
16 33 3852.0
73 87 1842.0
59 65 2170.0
48 54 375.0
16 6 3944.0
5 3 1169.0
100 55 314.0
39 41 4263.0
19 7 3267.0
57 12 588.0
52 72 406.0
74 83 4937.0
67 72 1414.0
43 45 3646.0
63 60 1891.0
44 96 3460.0
21 51 2253.0
44 49 828.0
61 70 4448.0
86 4 2110.0
29 13 3674.0
92 37 2730.0
8 12 3230.0
93 52 1421.0
12 16 1043.0
88 60 1634.0
63 83 4036.0
55 81 2923.0
64 3 2854.0
14 78 1643.0
2 98 4598.0
99 47 2724.0
49 20 3243.0
85 26 1004.0
89 6 1368.0
53 27 1883.0
85 73 1691.0
35 95 4834.0
83 100 3771.0
3 91 2498.0
45 11 989.0
25 85 4120.0
35 82 1535.0
21 71 873.0
75 42 2929.0
78 34 2493.0
81 61 1244.0
10 51 2030.0
10 76 3224.0
85 79 1878.0
52 21 1468.0
31 18 2493.0
14 91 3190.0
32 20 1258.0
44 37 614.0
3 26 46.0
44 65 2339.0
89 75 3357.0
68 60 2635.0
7 91 2416.0
68 9 2891.0
34 32 2007.0
40 35 4292.0
48 62 3235.0
70 69 2831.0
65 84 4173.0
32 23 2460.0
96 30 3496.0
82 78 723.0
56 64 3105.0
60 18 679.0
52 30 3570.0
86 12 2824.0
18 30 2561.0
64 87 3807.0
25 16 3423.0
57 23 3580.0
79 20 2647.0
11 77 460.0
82 47 4446.0
51 68 4784.0
72 53 1493.0
93 50 3483.0
11 2 3127.0
10 12 2564.0
79 96 4320.0
48 32 2709.0
85 41 3617.0
11 38 4697.0
39 33 2948.0
87 29 540.0
91 52 4240.0
84 89 1327.0
70 68 4770.0
10 21 1717.0
93 48 1368.0
29 38 4531.0
27 4 4602.0
98 71 4295.0
12 45 4685.0
26 48 4810.0
90 14 2017.0
79 37 4860.0
10 68 1575.0
8 16 157.0
31 76 4763.0
9 70 2217.0
10 15 254.0
71 3 4813.0
10 5 4603.0
95 26 782.0
43 20 468.0
95 19 2737.0
87 86 49.0
36 57 1077.0
48 9 1386.0
61 78 3509.0
38 100 3337.0
77 24 3292.0
99 84 972.0
38 78 4369.0
100 29 4642.0
74 39 152.0
58 59 4316.0
79 3 4030.0
62 17 1413.0
77 78 4597.0
58 7 3383.0
50 28 3650.0
66 41 999.0
51 75 3336.0
94 96 1427.0
35 45 496.0
24 86 4542.0
19 72 4842.0
47 70 3162.0
29 68 4749.0
65 56 4798.0
63 25 2646.0
37 5 1236.0
63 16 3144.0
30 79 3156.0
14 39 809.0
55 56 1701.0
57 49 1220.0
45 70 1925.0
47 62 2152.0
2 100 288.0
66 40 2919.0
48 67 732.0
53 45 2566.0
31 54 2999.0
87 77 4320.0
75 56 3010.0
40 98 69.0
80 63 3319.0
30 55 4184.0
96 17 186.0
64 13 4198.0
72 66 2809.0
66 93 4389.0
56 25 1392.0
91 81 907.0
6 50 862.0
41 24 2955.0
28 86 4758.0
53 1 2208.0
96 71 657.0
3 52 4695.0
63 6 292.0
57 81 3696.0
92 83 2666.0
56 10 3928.0
64 80 4525.0
94 68 1752.0
48 72 851.0
61 68 3519.0
28 43 1492.0
72 76 3630.0
38 22 1930.0
49 21 2083.0
1 35 3232.0
71 58 4786.0
23 16 3686.0
50 38 453.0
57 95 1809.0
36 81 721.0
40 16 4557.0
46 9 2675.0
32 40 787.0
61 97 3693.0
59 27 704.0
62 7 4865.0
41 95 2660.0
48 83 204.0
8 70 3892.0
95 10 2103.0
22 35 2065.0
89 33 2467.0
82 23 1647.0
67 88 1512.0
89 22 3955.0
23 15 3942.0
70 23 2832.0
31 17 1182.0
94 12 3672.0
33 59 3114.0
14 49 2042.0
92 55 312.0
45 61 3406.0
58 45 3425.0
80 90 2141.0
49 98 2135.0
27 78 2891.0
96 37 3174.0
57 73 4903.0
66 22 3189.0
82 49 1479.0
10 44 3344.0
83 89 2858.0
96 55 2981.0
88 100 3487.0
64 90 478.0
10 80 4568.0
39 72 2184.0
44 33 3798.0
68 75 1600.0
72 93 852.0
39 24 473.0
51 36 3188.0
90 20 4645.0
19 89 2191.0
48 18 4063.0
10 69 4354.0
34 40 659.0
51 82 2930.0
88 86 3233.0
23 69 2651.0
41 88 3986.0
8 79 186.0
12 95 4267.0
66 14 3135.0
29 84 1382.0
12 17 2916.0
10 92 1695.0
39 40 4448.0
50 42 3843.0
28 12 3210.0
5 83 4059.0
57 5 1896.0
67 87 4325.0
84 80 494.0
58 33 4537.0
51 86 2225.0
27 56 3675.0
2 70 2730.0
100 93 1847.0
22 61 3542.0
75 85 2154.0
79 33 1116.0
73 9 3033.0
80 61 2112.0
94 41 2442.0
8 87 1009.0
26 11 267.0
21 1 2319.0
23 41 4277.0
66 89 4777.0
70 74 4152.0
15 77 603.0
71 100 1744.0
11 15 1776.0
64 55 1493.0
19 15 3754.0
76 1 1435.0
4 83 3776.0
34 53 636.0
53 30 1135.0
36 10 873.0
93 62 3759.0
64 1 556.0
88 70 1660.0
6 4 4262.0
35 6 46.0
90 65 1168.0
43 83 1255.0
32 28 2463.0
47 59 1268.0
54 19 344.0
44 69 4315.0
77 5 4398.0
43 86 3733.0
26 51 2062.0
39 43 3835.0
4 37 4024.0
53 48 3404.0
56 44 2103.0
89 5 3102.0
25 52 909.0
91 12 418.0
98 7 3800.0
77 38 4383.0
60 80 2860.0
16 28 2310.0
46 94 4288.0
34 3 3752.0
41 67 4447.0
47 18 653.0
90 8 1861.0
99 94 830.0
79 31 314.0
88 85 1530.0
23 54 3716.0
62 92 2159.0
32 17 1221.0
36 55 3228.0
19 36 4273.0
86 94 4123.0
85 12 4583.0
88 73 1043.0
39 53 1121.0
51 11 1658.0
93 36 520.0
72 55 1557.0
94 43 86.0
36 89 3777.0
86 34 3869.0
24 85 2686.0
99 56 4514.0
34 99 2354.0
98 41 2530.0
42 85 2334.0
26 29 4873.0
10 46 4424.0
6 23 898.0
12 96 3794.0
48 30 3020.0
8 28 2964.0
42 69 4892.0
31 30 1680.0
34 82 404.0
28 56 4628.0
3 33 366.0
68 4 3062.0
73 45 1718.0
18 73 4886.0
21 14 1031.0
31 66 1691.0
87 70 4940.0
5 8 2403.0
91 82 1377.0
83 77 3136.0
87 55 222.0
97 79 648.0
63 88 4834.0
52 6 392.0
5 48 430.0
31 52 2276.0
26 80 4142.0
58 30 2559.0
27 100 3255.0
4 71 2918.0
32 15 2265.0
62 20 2180.0
38 71 1880.0
56 42 2524.0
20 61 4038.0
86 58 3945.0
57 60 3430.0
44 30 3825.0
73 55 220.0
65 78 3826.0
53 87 1869.0
60 98 1.0
24 49 1881.0
84 17 4678.0
41 79 1288.0
73 71 3567.0
90 85 2758.0
32 31 4021.0
14 30 3195.0
57 64 11.0
17 89 124.0
31 51 2940.0
96 93 3924.0
22 41 2610.0
81 16 2457.0
96 100 3697.0
84 32 853.0
71 37 4223.0
78 15 4723.0
31 26 536.0
51 20 3574.0
13 24 3258.0
78 8 3822.0
51 35 3357.0
81 22 3061.0
20 1 3223.0
66 91 262.0
24 61 760.0
1 57 1444.0
39 20 1236.0
87 28 706.0
73 76 4297.0
29 12 3317.0
22 73 4175.0
48 46 322.0
83 3 2783.0
98 59 1373.0
92 5 1003.0
22 56 3664.0
56 79 460.0
20 54 329.0
49 16 793.0
55 97 4534.0
8 88 3400.0
70 59 4614.0
58 96 3842.0
42 84 3076.0
91 18 3171.0
59 39 962.0
65 46 2825.0
25 29 7.0
76 2 1354.0
71 17 4247.0
76 49 2159.0
64 98 2790.0
19 93 1420.0
13 19 1545.0
86 8 354.0
95 18 4208.0
23 85 2514.0
54 6 422.0
66 85 1132.0
19 87 1085.0
29 8 4528.0
50 84 4487.0
80 17 1687.0
63 93 4189.0
4 51 464.0
99 69 1344.0
3 15 4284.0
19 85 2648.0
33 78 3003.0
65 12 1123.0
16 65 2571.0
64 54 2732.0
1 67 398.0
73 75 4370.0
24 33 3992.0
97 8 4785.0
33 61 4815.0
77 50 2831.0
78 23 140.0
48 41 3196.0
2 46 4154.0
70 78 914.0
14 45 709.0
20 74 2444.0
50 78 4086.0
12 40 3187.0
17 20 620.0
52 74 1606.0
21 16 1451.0
52 90 615.0
77 37 4257.0
14 1 1115.0
35 25 1405.0
19 30 2504.0
19 56 1362.0
27 33 4594.0
14 88 1073.0
47 65 797.0
75 82 1985.0
75 27 122.0
44 79 4478.0
85 83 1320.0
23 38 332.0
65 62 2285.0
46 95 276.0
6 85 2349.0
73 65 2218.0
56 90 395.0
96 22 118.0
89 87 2993.0
36 77 277.0
75 93 615.0
10 2 3843.0
61 39 568.0
59 79 2352.0
31 49 2117.0
30 16 4353.0
48 14 4894.0
55 85 49.0
72 31 1703.0
42 82 214.0
31 53 4245.0
86 73 3369.0
15 56 1371.0
17 100 2138.0
83 73 993.0
72 12 92.0
47 2 3143.0
78 48 811.0
73 13 2697.0
30 82 3883.0
19 71 4632.0
69 39 3699.0
4 14 2436.0
6 70 2332.0
94 26 1608.0
70 16 4752.0
40 44 1841.0
34 1 1658.0
77 55 4907.0
68 14 2626.0
69 11 4920.0
22 78 4318.0
53 78 3623.0
80 27 1008.0
92 88 4253.0
46 96 2703.0
13 54 3090.0
87 83 733.0
50 64 1066.0
99 83 3791.0
36 75 3198.0
51 66 982.0
81 65 4059.0
98 18 1764.0
22 63 1098.0
47 95 451.0
83 66 282.0
46 80 1679.0
28 18 594.0
23 29 372.0
25 8 2985.0
88 46 2881.0
56 36 580.0
84 58 717.0
33 30 1448.0
40 77 454.0
65 80 2767.0
19 98 3454.0
96 86 745.0
38 14 4043.0
44 23 3810.0
8 89 1280.0
13 99 2537.0
83 82 3878.0
94 49 48.0
68 23 1718.0
81 60 2397.0
91 67 1032.0
1 15 3371.0
77 90 1204.0
29 81 2592.0
41 43 3621.0
48 40 2361.0
6 83 333.0
60 32 4439.0
85 34 4195.0
59 31 4435.0
45 49 84.0
37 6 2972.0
3 6 590.0
80 5 2866.0
80 42 2714.0
5 9 4843.0
78 40 1508.0
23 48 31.0
66 67 1057.0
3 78 4411.0
69 6 1217.0
22 83 4490.0
14 92 1796.0
20 67 3982.0
2 93 3934.0
9 98 135.0
64 85 1422.0
64 72 2562.0
98 80 3944.0
19 32 1258.0
54 56 4038.0
20 10 4513.0
60 93 1349.0
69 54 3435.0
68 17 655.0
29 1 32.0
40 52 3850.0
49 9 4692.0
2 20 2082.0
89 100 4878.0
45 76 192.0
59 87 1547.0
6 98 4099.0
1 70 354.0
67 15 2495.0
62 27 1926.0
39 57 266.0
76 7 769.0
4 82 3837.0
43 67 3545.0
73 79 1611.0
52 4 467.0
48 2 2888.0
62 12 2167.0
95 62 1845.0
58 93 3762.0
37 41 802.0
72 92 4642.0
43 21 2010.0
69 78 3216.0
2 6 1935.0
82 14 39.0
33 34 743.0
88 90 3108.0
39 25 3128.0
26 86 2587.0
93 3 4799.0
23 52 3059.0
19 28 4161.0
32 57 1875.0
32 55 2409.0
3 9 1033.0
25 93 2391.0
69 37 4014.0
47 34 2515.0
67 75 4242.0
72 81 512.0
83 68 4895.0
3 40 4862.0
68 54 2197.0
58 75 1676.0
85 56 1730.0
74 71 1553.0
60 55 2322.0
2 91 186.0
60 61 1108.0
93 40 1707.0
81 30 4928.0
78 28 3786.0
38 90 3673.0
45 5 3455.0
95 42 3195.0
41 16 1821.0
79 11 721.0
77 1 4665.0
11 81 2456.0
78 18 2257.0
13 26 2369.0
61 15 3852.0
17 34 4809.0
97 21 3797.0
81 39 4900.0
79 68 4556.0
32 4 3847.0
74 86 1890.0
7 17 1457.0
60 36 4613.0
65 17 677.0
4 64 3545.0
22 86 1472.0
58 64 3089.0
76 27 2847.0
67 5 3249.0
22 60 1853.0
57 72 4655.0
56 73 3790.0
100 19 3011.0
6 46 4740.0
78 49 1601.0
20 47 446.0
8 47 3033.0
29 70 481.0
48 96 1964.0
22 59 1923.0
36 92 1687.0
52 70 4116.0
14 36 4487.0
85 93 2547.0
1 62 2064.0
43 64 275.0
24 100 1282.0
2 27 4588.0
90 22 2983.0
42 86 1699.0
49 6 3642.0
67 46 1266.0
43 7 2195.0
33 100 4039.0
32 66 4792.0
58 1 4078.0
11 30 2903.0
1 94 444.0
78 25 2339.0
21 70 1459.0
34 89 1600.0
28 81 2704.0
44 29 1320.0
80 14 4544.0
21 94 3359.0
85 69 2611.0
76 96 3743.0
49 35 3851.0
52 49 797.0
57 42 4410.0
98 29 3984.0
40 62 1832.0
77 23 2827.0
35 70 2187.0
84 4 3955.0
1 54 3064.0
97 100 2887.0
34 93 2220.0
98 17 3963.0
98 50 168.0
12 48 2809.0
75 52 647.0
47 81 2118.0
36 38 2836.0
76 86 2415.0
92 57 3220.0
69 87 2527.0
13 8 4213.0
91 77 466.0
74 92 4811.0
78 2 1643.0
33 94 4151.0
51 98 1123.0
58 24 4753.0
80 57 3565.0
13 52 1136.0
85 39 4428.0
57 14 2772.0
39 8 210.0
77 39 2398.0
42 32 1573.0
81 90 2918.0
49 83 1397.0
50 43 2499.0
95 20 4883.0
79 48 4402.0
85 1 286.0
99 2 2646.0
81 96 2299.0
69 25 1262.0
1 9 3165.0
14 12 1274.0
26 56 4212.0
93 15 2965.0
58 20 2462.0
50 74 1788.0
45 94 4701.0
94 67 1241.0
32 88 2886.0
40 84 3941.0
22 67 3131.0
12 26 1649.0
52 36 3208.0
100 51 1175.0
77 96 1072.0
25 48 4451.0
7 90 2987.0
46 23 1747.0
42 31 672.0
23 26 4378.0
78 47 4825.0
72 73 1671.0
24 67 4626.0
87 45 3779.0
66 36 4743.0
67 71 2258.0
93 14 1696.0
43 91 1939.0
1 25 2311.0
83 29 3175.0
13 23 3746.0
17 41 4853.0
11 59 1231.0
43 56 4447.0
20 82 2530.0
54 75 3916.0
1 2 3150.0
1 73 3047.0
66 38 3970.0
25 33 2692.0
7 57 1611.0
4 99 152.0
1 56 4121.0
58 11 758.0
24 25 2479.0
50 70 3221.0
76 3 3659.0
91 72 2034.0
100 52 1003.0
44 88 2486.0
49 5 2157.0
80 35 389.0
3 10 4040.0
47 25 3828.0
21 39 683.0
13 44 1415.0
48 50 4185.0
12 64 2024.0
35 81 3289.0
46 66 4812.0
71 63 3208.0
9 13 1485.0
24 27 252.0
93 88 389.0
96 65 4713.0
93 1 3973.0
99 75 4246.0
84 21 1515.0
76 9 4088.0
87 97 697.0
14 13 4543.0
99 80 93.0
31 68 1960.0
64 38 4029.0
77 35 1541.0
38 46 3572.0
2 40 2423.0
61 38 577.0
44 24 4059.0
59 18 1779.0
53 23 1671.0
41 15 2141.0
54 52 2586.0
3 53 393.0
15 26 941.0
71 51 1465.0
70 30 2195.0
93 92 4204.0
17 64 2218.0
34 18 4688.0
64 47 2168.0
86 39 1408.0
90 55 4082.0
26 70 1971.0
85 50 912.0
44 52 4390.0
21 66 4215.0
62 56 2188.0
44 66 449.0
6 34 2660.0
55 49 1099.0
4 42 1442.0
29 80 672.0
91 61 2546.0
18 69 4265.0
43 58 2599.0
33 88 3109.0
67 33 1063.0
37 22 2293.0
58 9 1993.0
97 88 1640.0
59 51 3640.0
46 60 2560.0
98 62 4151.0
17 15 1521.0
27 72 3640.0
41 18 3365.0
70 73 3363.0
47 32 4174.0
49 39 4822.0
74 51 1926.0
75 90 4880.0
71 75 542.0
52 39 1219.0
30 97 1919.0
89 57 1262.0
18 46 4597.0
59 44 945.0
4 15 4547.0
54 81 4182.0
42 18 365.0
83 39 2691.0
97 59 2473.0
46 83 2102.0
83 36 953.0
82 69 1194.0
59 71 962.0
88 87 1492.0
47 69 4588.0
60 31 3668.0
51 15 4680.0
73 60 3068.0
17 38 2149.0
41 75 3614.0
36 58 1783.0
59 45 2459.0
40 19 3185.0
44 2 828.0
18 21 4849.0
91 62 363.0
12 49 640.0
55 76 402.0
32 50 140.0
59 25 4537.0
85 54 122.0
3 45 4379.0
75 28 3310.0
6 65 2334.0
72 54 118.0
64 41 438.0
8 83 2656.0
35 19 2621.0
60 86 1248.0
70 40 1697.0
96 4 2991.0
15 64 2769.0
62 82 4198.0
43 37 3616.0
40 22 2814.0
33 1 2456.0
98 67 618.0
5 19 1578.0
61 6 3669.0
44 64 288.0
25 88 4178.0
56 5 3768.0
92 9 3010.0
52 14 4934.0
83 33 1843.0
89 40 3328.0
4 1 4666.0
85 74 2680.0
57 84 3290.0
88 78 4889.0
76 79 4284.0
46 24 2320.0
63 4 460.0
26 90 3516.0
37 68 1336.0
99 49 1216.0
97 73 219.0
58 85 2792.0
54 45 4182.0
82 96 2684.0
67 74 2565.0
51 32 4090.0
46 58 293.0
20 80 3779.0
20 88 450.0
9 66 3895.0
99 25 2908.0
54 90 3109.0
27 90 1607.0
84 51 3490.0
86 80 3422.0
21 42 4203.0
93 7 2030.0
48 60 1416.0
72 63 1233.0
69 71 2898.0
12 84 2368.0
29 41 4871.0
98 97 1101.0
61 51 2361.0
82 74 2934.0
44 4 1456.0
7 42 1648.0
45 71 3090.0
63 10 3541.0
18 19 1411.0
80 54 754.0
1 72 3143.0
18 100 1735.0
69 34 2560.0
84 96 3255.0
76 13 605.0
26 64 3451.0
9 18 3776.0
99 97 4249.0
63 77 2453.0
95 36 4486.0
39 79 3361.0
31 28 3821.0
11 17 1584.0
25 13 3702.0
85 3 634.0
13 18 3151.0
26 52 2837.0
44 42 2270.0
65 86 2833.0
96 75 3121.0
21 59 2705.0
89 98 3731.0
83 44 1652.0
23 100 1755.0
16 97 4050.0
77 19 4877.0
57 91 4716.0
80 43 3624.0
77 12 1753.0
4 61 3438.0
81 92 4231.0
37 62 4585.0
75 2 3549.0
84 30 2226.0
49 67 3623.0
24 60 2520.0
28 62 1825.0
41 72 2049.0
18 49 3650.0
51 50 4873.0
46 63 2786.0
87 24 4069.0
48 37 1552.0
29 43 917.0
18 75 1438.0
25 83 3678.0
18 4 4463.0
56 49 4718.0
7 1 785.0
33 23 613.0
7 49 2964.0
81 76 3953.0
43 51 160.0
70 64 4251.0
26 63 4404.0
26 55 927.0
15 57 2665.0
31 19 766.0
66 59 954.0
93 70 1233.0
72 69 2583.0
14 24 2841.0
16 10 2652.0
47 73 1012.0
50 44 2365.0
20 5 2256.0
37 23 900.0
50 3 3382.0
4 67 992.0
58 80 1072.0
95 16 4092.0
6 40 4903.0
80 15 2525.0
33 74 4583.0
9 75 1016.0
39 35 2628.0
83 86 1309.0
95 87 1487.0
99 81 3028.0
81 97 1810.0
5 85 1192.0
11 94 4934.0
53 64 4760.0
75 35 253.0
36 71 268.0
12 11 1361.0
23 76 707.0
76 97 1203.0
85 16 1838.0
87 76 957.0
23 42 4750.0
12 3 1952.0
99 73 910.0
31 97 3119.0
25 18 3083.0
35 71 4634.0
79 67 4196.0
72 49 2613.0
39 32 4791.0
22 49 4886.0
90 62 1072.0
32 89 1181.0
34 10 1050.0
15 44 1426.0
13 15 1508.0
42 13 4763.0
87 26 4303.0
49 42 2146.0
47 94 986.0
67 53 1116.0
51 19 4811.0
64 6 4883.0
23 81 3617.0
9 69 2244.0
5 42 1404.0
39 44 3120.0
8 53 3279.0
64 24 3494.0
48 17 1430.0
96 68 1742.0
37 35 3626.0
90 63 1703.0
70 12 3511.0
76 98 3732.0
85 100 664.0
9 64 2538.0
3 46 1274.0
94 83 3241.0
88 34 1697.0
18 40 1527.0
13 32 4476.0
80 47 710.0
37 86 3578.0
88 10 3952.0
48 71 1687.0
82 87 4817.0
59 89 4084.0
89 80 2478.0
63 62 2728.0
58 48 1543.0
25 54 369.0
44 68 3232.0
1 49 1675.0
1 75 2824.0
24 52 1988.0
82 71 492.0
79 55 593.0
11 1 4518.0
30 73 4306.0
92 38 1694.0
15 95 3796.0
54 67 4900.0
26 22 3341.0
1 24 56.0
73 49 3353.0
96 90 26.0
32 22 4314.0
85 82 1309.0
55 51 4548.0
71 62 2714.0
36 88 986.0
65 30 2562.0
93 27 1503.0
86 48 1016.0
20 31 2826.0
21 48 2015.0
96 64 3483.0
26 77 2493.0
99 57 3321.0
98 44 2965.0
45 78 2536.0
45 72 2532.0
76 78 2191.0
94 10 2949.0
96 67 4237.0
65 21 4821.0
50 10 2187.0
12 83 1457.0
79 24 1125.0
34 36 3821.0
92 50 1579.0
49 81 1075.0
22 5 1268.0
90 34 966.0
22 64 933.0
95 33 1656.0
82 97 3694.0
51 25 4076.0
32 92 2045.0
37 51 3811.0
34 22 879.0
37 70 904.0
71 28 2741.0
18 58 2908.0
92 33 4608.0
64 86 3617.0
28 77 1807.0
79 50 4949.0
32 96 4218.0
89 11 4187.0
76 88 3641.0
89 10 3091.0
60 97 3839.0
93 90 144.0
100 73 2053.0
67 40 3327.0
76 89 2299.0
12 39 4007.0
11 14 1262.0
59 35 3472.0
13 96 1243.0
99 16 4233.0
82 84 3986.0
28 36 1541.0
14 60 2406.0
21 38 1824.0
86 78 2409.0
56 100 1845.0
84 71 1283.0
69 43 3336.0
29 16 1633.0
19 86 3984.0
39 10 4650.0
92 69 4616.0
38 67 873.0
37 61 2009.0
74 54 4041.0
47 10 4678.0
20 11 4119.0
95 96 2931.0
8 9 1134.0
55 52 3947.0
22 87 13.0
7 4 2496.0
31 91 4538.0
29 46 2029.0
95 69 2068.0
4 22 2196.0
64 78 3319.0
42 29 4462.0
29 65 2510.0
75 4 3661.0
94 53 1224.0
91 6 3784.0
57 59 4311.0
12 31 1954.0
71 32 3245.0
55 11 4539.0
68 95 424.0
90 25 681.0
71 90 4540.0
55 39 3483.0
100 95 3879.0
68 52 2814.0
53 57 4190.0
28 54 3854.0
51 6 1677.0
93 80 720.0
63 52 3645.0
28 82 3462.0
36 23 748.0
34 87 3115.0
89 47 3405.0
27 84 360.0
14 3 2409.0
15 88 2989.0
86 97 4864.0
59 29 2204.0
95 58 2199.0
93 83 2166.0
43 48 870.0
44 32 3490.0
95 66 3309.0
79 18 3975.0
22 46 2624.0
64 11 4108.0
40 69 2949.0
96 36 1910.0
4 34 2212.0
92 80 3512.0
13 82 1679.0
4 66 1906.0
63 23 3201.0
88 69 3434.0
99 78 1407.0
97 38 1839.0
7 30 3573.0
70 65 819.0
6 90 1240.0
28 17 1556.0
57 43 1056.0
40 63 4087.0
37 17 1976.0
89 46 2415.0
29 17 3095.0
78 13 3509.0
100 50 511.0
7 78 3337.0
14 35 3318.0
28 24 2674.0
99 23 1747.0
53 52 4120.0
90 53 4280.0
24 7 3887.0
100 9 1297.0
90 21 243.0
99 52 2619.0
76 25 986.0
45 89 3745.0
78 80 3595.0
79 51 255.0
27 23 2214.0
3 80 4903.0
98 100 983.0
60 3 2594.0
26 99 276.0
10 14 1898.0
12 87 3967.0
45 50 4443.0
67 56 3261.0
77 72 110.0
78 67 4377.0
16 76 3034.0
60 20 2609.0
31 2 3232.0
86 35 2786.0
57 69 2858.0
73 8 1782.0
97 68 3401.0
70 14 2278.0
4 30 1454.0
77 16 4519.0
18 65 3226.0
92 65 4561.0
2 72 1696.0
81 77 2636.0
83 14 663.0
59 9 1710.0
96 20 854.0
36 65 1239.0
40 41 4202.0
68 46 2593.0
5 32 1600.0
84 37 3612.0
50 40 4152.0
40 75 2495.0
60 53 2544.0
56 14 1387.0
69 97 528.0
46 43 1859.0
14 42 3230.0
11 98 2615.0
72 58 4771.0
59 81 4613.0
43 40 4493.0
33 98 4127.0
10 48 2899.0
32 49 58.0
59 53 69.0
31 41 3524.0
12 38 4766.0
30 39 3969.0
91 15 3212.0
26 27 4130.0
83 75 2323.0
20 13 4707.0
49 86 4678.0
100 21 329.0
50 29 2927.0
72 74 582.0
92 8 561.0
15 25 806.0
79 16 4183.0
4 93 1423.0
69 26 4477.0
28 4 2593.0
61 69 1325.0
79 92 2127.0
21 72 292.0
11 24 9.0
42 55 110.0
47 83 697.0
58 41 4930.0
1 8 1736.0
20 87 2102.0
41 78 2049.0
82 53 3614.0
51 2 3326.0
64 63 264.0
76 66 3856.0
44 12 3765.0
4 10 724.0
91 98 4108.0
100 84 1054.0
81 10 336.0
72 6 2373.0
29 77 2297.0
50 20 1363.0
88 83 4938.0
61 86 4852.0
65 61 4355.0
54 24 2451.0
87 79 3126.0
12 88 3926.0
20 73 3995.0
85 62 426.0
25 53 4692.0
1 48 1688.0
64 37 4024.0
89 41 3959.0
47 88 3633.0
83 84 2204.0
29 89 4559.0
4 95 599.0
58 35 217.0
52 79 4767.0
60 66 2776.0
75 70 593.0
9 84 2281.0
37 16 4640.0
75 88 3014.0
16 53 3542.0
3 29 1782.0
80 39 3529.0
21 75 976.0
45 55 1520.0
67 89 1077.0
5 94 764.0
18 1 3789.0
46 72 3553.0
98 13 3374.0
13 47 3374.0
6 38 1963.0
8 59 4578.0
48 6 4730.0
53 46 2919.0
77 25 4226.0
74 77 1101.0
32 94 4207.0
10 98 1040.0
31 57 2037.0
18 50 3159.0
88 55 2888.0
14 50 1027.0
31 23 2503.0
11 18 1665.0
98 57 3004.0
85 53 3493.0
53 73 3696.0
90 51 2343.0
22 53 275.0
19 34 63.0
99 28 4049.0
82 81 1227.0
25 23 4461.0
42 81 3116.0
12 32 3630.0
42 37 2757.0
7 25 1998.0
26 19 858.0
35 5 3953.0
38 2 4209.0
40 42 4592.0
67 27 690.0
15 70 4200.0
15 99 3893.0
10 79 4502.0
97 2 2150.0
23 74 4087.0
2 84 2620.0
13 27 3001.0
65 88 1665.0
90 1 3520.0
32 91 4450.0
36 80 2999.0
11 78 4824.0
54 88 1589.0
75 63 4400.0
94 17 1772.0
59 88 1706.0
15 24 767.0
52 42 1017.0
34 31 585.0
4 50 4387.0
34 50 4079.0
55 13 1283.0
63 87 202.0
6 28 2413.0
69 33 3574.0
93 38 157.0
81 1 2337.0
88 53 3474.0
65 48 3458.0
60 99 4569.0
68 7 3680.0
92 76 2662.0
38 76 1301.0
68 50 104.0
45 6 3531.0
25 68 2962.0
65 23 2936.0
5 87 2946.0
96 91 1975.0
85 47 109.0
99 46 2208.0
94 97 1548.0
100 5 338.0
22 95 808.0
91 28 1052.0
40 11 2101.0
38 4 4191.0
88 1 813.0
33 63 3098.0
45 100 2286.0
88 24 3056.0
68 92 4320.0
82 57 4417.0
13 60 4668.0
60 6 3702.0
3 95 1916.0
58 13 1325.0
64 67 1387.0
75 3 877.0
64 35 4748.0
93 13 1247.0
69 27 2419.0
28 89 679.0
83 13 253.0
88 17 1353.0
95 83 449.0
7 88 1196.0
85 71 518.0
23 83 406.0
37 2 3863.0
19 57 3742.0
71 16 4415.0
66 12 2268.0
52 8 3429.0
61 3 3161.0
65 68 3500.0
67 52 808.0
58 5 3360.0
10 7 3953.0
3 82 3732.0
4 69 4390.0
27 12 847.0
95 29 1912.0
87 52 314.0
46 85 3125.0
21 67 1182.0
70 42 742.0
65 39 275.0
83 64 1460.0
85 13 1659.0
99 53 1555.0
2 88 3193.0
84 23 623.0
63 13 99.0
9 83 3152.0
61 21 3610.0
38 57 2806.0
71 94 3377.0
93 95 4894.0
71 52 3600.0
80 16 301.0
77 79 1248.0
64 30 3189.0
48 63 3674.0
25 97 29.0
27 6 4784.0
18 81 3981.0
60 87 4689.0
80 51 3143.0
34 80 3196.0
34 91 3954.0
35 60 2399.0
98 88 1935.0
72 32 3.0
51 13 2199.0
2 63 4886.0
27 11 4183.0
69 50 4813.0
26 92 3235.0
100 66 2002.0
61 95 2472.0
88 30 1116.0
60 16 4557.0
69 59 1011.0
47 48 166.0
39 1 113.0
96 97 1693.0
58 60 135.0
14 81 3020.0
87 74 3917.0
85 31 4674.0
7 95 4169.0
42 34 1854.0
46 86 3239.0
60 23 3286.0
5 44 1992.0
85 45 4890.0
11 85 2187.0
20 21 3562.0
36 76 3660.0
98 34 2339.0
94 76 1341.0
44 16 622.0
4 57 2921.0
10 82 1744.0
75 46 336.0
41 86 2444.0
6 20 4004.0
89 71 3909.0
38 95 1912.0
32 74 4262.0
3 42 792.0
99 21 384.0
23 45 769.0
58 4 2384.0
31 1 805.0
50 52 1722.0
31 6 4763.0
47 71 2070.0
4 62 1636.0
35 87 1925.0
8 21 2805.0
94 23 4100.0
62 46 2638.0
53 33 1423.0
66 47 13.0
94 8 2268.0
73 77 3384.0
16 4 1673.0
31 78 403.0
21 19 371.0
12 50 3931.0
3 51 4527.0
77 2 3102.0
81 64 3999.0
9 78 4057.0
91 56 1040.0
51 52 259.0
21 3 4679.0
1 27 4129.0
82 99 4258.0
54 10 2525.0
69 96 4792.0
23 92 385.0
75 87 3837.0
64 84 2298.0
29 31 4769.0
72 17 4785.0
26 33 725.0
88 56 2261.0
100 60 2963.0
53 35 1674.0
32 45 3087.0
34 43 491.0
97 83 3693.0
94 90 3499.0
98 81 4055.0
48 20 3458.0
95 25 2545.0
81 94 4458.0
92 59 1028.0
24 22 4334.0
11 44 3620.0
56 50 3791.0
16 96 4752.0
18 89 1944.0
11 21 2964.0
26 24 3685.0
59 64 780.0
2 59 4426.0
21 95 1507.0
66 71 1092.0
62 55 4495.0
70 3 4090.0
18 3 2508.0
100 74 2899.0
46 78 2973.0
11 3 2920.0
32 46 4848.0
14 96 2266.0
5 13 4692.0
11 75 1054.0
38 62 962.0
67 3 4026.0
34 61 3124.0
74 44 2609.0
94 63 2159.0
24 93 1126.0
36 8 4605.0
34 94 1110.0
52 45 1457.0
66 84 2259.0
15 12 2553.0
11 48 930.0
45 37 1663.0
38 58 303.0
82 1 2511.0
20 18 1206.0
5 2 1392.0
11 93 3686.0
74 48 405.0
48 44 561.0
32 67 2346.0
49 47 2109.0
73 59 2630.0
6 22 4268.0
59 15 534.0
7 35 2772.0
5 50 1034.0
97 66 1562.0
6 43 54.0
60 25 527.0
47 87 1424.0
46 36 1903.0
80 21 4433.0
28 61 2962.0
62 64 391.0
50 41 3157.0
97 84 3113.0
78 85 2687.0
77 76 3144.0
58 10 3133.0
7 15 1470.0
87 23 764.0
13 65 4691.0
46 41 3236.0
88 48 2457.0
87 91 734.0
61 27 4332.0
65 40 1899.0
56 37 1245.0
67 36 4480.0
22 25 4758.0
34 65 2574.0
22 85 1496.0
63 34 2690.0
72 70 1337.0
20 93 4575.0
25 31 4175.0
32 56 2884.0
21 82 2830.0
10 8 3948.0
25 71 881.0
66 80 4188.0
32 59 1000.0
7 72 3468.0
78 35 4831.0
62 23 128.0
59 36 223.0
59 49 893.0
26 43 4371.0
92 13 3695.0
1 59 3397.0
13 11 973.0
58 6 1037.0
8 26 872.0
33 76 2779.0
100 34 2964.0
30 57 2206.0
55 89 782.0
16 2 2873.0
23 61 3498.0
39 62 2070.0
92 22 1086.0
37 81 2112.0
43 90 1694.0
95 30 567.0
92 87 3202.0
94 24 4178.0
66 48 3761.0
9 56 2290.0
39 73 1578.0
71 50 3795.0
36 54 1530.0
77 86 2730.0
64 68 1873.0
52 98 4633.0
96 15 2468.0
89 61 2215.0
74 1 547.0
73 95 3877.0
28 85 1857.0
1 61 965.0
77 84 2419.0
5 27 754.0
60 69 1895.0
22 69 4551.0
97 91 30.0
81 75 536.0
41 62 796.0
91 69 4565.0
55 82 4776.0
14 9 2056.0
26 4 356.0
33 55 2328.0
72 78 4819.0
38 13 1138.0
76 60 1744.0
78 44 932.0
89 60 2135.0
74 98 1782.0
5 73 1849.0
